11.2.a.a:11:2:a:a:1:3:1:[]:1,2,1,1,1,1,1,0,2,0,1,0,1,0,2,0,2,0,2,0,1,2,0,0,2
13.2.e.a:13:2:e:a:2:3:1:[[2,2]]:0,2,0,0,0,2,0,0,0,0,0,0,0,2,0,0,0,1,0,0,0,1,0,0,0
14.2.a.a:14:2:a:a:1:3:1:[]:2,1,0,1,0,2,0,2,0,0,2,2,0,2,0,0,0,2,2,0,2,2,0,0,2
17.2.a.a:17:2:a:a:1:3:1:[]:2,0,1,1,0,1,1,2,1,0,1,1,0,1,0,0,0,2,1,2,0,0,2,1,2
19.2.a.a:19:2:a:a:1:3:1:[]:0,1,0,2,0,2,0,1,0,0,2,2,0,2,0,0,0,2,2,0,2,2,0,0,2
19.2.e.a:19:2:e:a:6:3:2:[[2,1]]:0,1,0,2,0,2,0,1,0,0,2,2,0,2,0,0,0,2,2,0,2,2,0,0,2
20.2.a.a:20:2:a:a:1:3:1:[]:0,1,2,2,0,2,0,2,0,0,2,2,0,2,0,0,0,2,2,0,2,2,0,0,2
26.2.a.a:26:2:a:a:1:3:1:[]:2,1,0,2,0,1,0,2,0,0,2,2,0,2,0,0,0,2,2,0,2,2,0,0,2
26.2.a.b:26:2:a:b:1:3:1:[]:1,0,2,1,1,2,0,0,2,2,1,0,0,1,1,0,2,1,1,1,2,2,0,0,2
26.2.c.a:26:2:c:a:2:3:2:[[15,1]]:1,0,2,1,1,2,0,0,2,2,1,0,0,1,1,0,2,1,1,1,2,2,0,0,2
28.2.e.a:28:2:e:a:2:3:1:[[15,1],[17,1]]:0,1,0,1,0,2,0,2,0,0,2,2,0,2,0,0,0,2,2,0,2,2,0,0,2
29.2.b.a:29:2:b:a:2:3:1:[[2,2]]:1,2,0,2,1,2,1,0,0,2,0,0,1,0,1,0,0,0,2,0,0,0,0,1,0
29.2.b.a:29:2:b:a:2:3:2:[[2,2]]:1,2,0,2,1,2,1,0,0,2,0,0,1,0,1,0,0,0,2,0,0,0,0,1,0
32.2.a.a:32:2:a:a:1:3:1:[]:0,0,1,0,0,0,2,0,0,2,0,1,1,0,0,2,0,2,0,0,0,0,0,1,0
34.2.a.a:34:2:a:a:1:3:1:[]:1,1,0,2,0,2,2,2,0,0,2,2,0,2,0,0,0,2,2,0,2,2,0,0,2
34.2.b.a:34:2:b:a:2:3:1:[[3,2]]:2,1,2,0,2,2,1,2,2,2,0,0,2,2,0,0,0,0,2,2,0,0,0,0,0
34.2.b.a:34:2:b:a:2:3:2:[[3,2]]:2,1,2,0,2,2,1,2,2,2,0,0,2,2,0,0,0,0,2,2,0,0,0,0,0
35.2.a.a:35:2:a:a:1:3:1:[]:0,1,2,1,0,2,0,2,0,0,2,2,0,2,0,0,0,2,2,0,2,2,0,0,2
37.2.a.a:37:2:a:a:1:3:1:[]:1,0,1,2,1,1,0,0,2,0,2,2,0,2,0,1,2,1,2,0,2,1,0,1,1
37.2.a.b:37:2:a:b:1:3:1:[]:0,1,0,2,0,2,0,2,0,0,2,1,0,2,0,0,0,2,2,0,2,2,0,0,2
37.2.c.a:37:2:c:a:2:3:2:[[2,1]]:1,0,1,2,1,1,0,0,2,0,2,2,0,2,0,1,2,1,2,0,2,1,0,1,1
37.2.f.a:37:2:f:a:6:3:3:[[2,1]]:1,0,1,2,1,1,0,0,2,0,2,2,0,2,0,1,2,1,2,0,2,1,0,1,1
37.2.f.b:37:2:f:b:6:3:2:[[2,1]]:0,1,0,2,0,2,0,2,0,0,2,1,0,2,0,0,0,2,2,0,2,2,0,0,2
37.2.h.a:37:2:h:a:18:3:1:[[2,2]]:0,1,0,1,0,0,0,0,0,0,0,1,0,0,0,0,0,0,1,0,1,0,0,0,0
38.2.a.a:38:2:a:a:1:3:1:[]:2,1,0,2,0,2,0,1,0,0,2,2,0,2,0,0,0,2,2,0,2,2,0,0,2
38.2.a.b:38:2:a:b:1:3:1:[]:1,2,2,0,2,2,0,2,2,1,1,1,1,1,2,2,0,2,0,2,0,2,0,0,1
38.2.c.a:38:2:c:a:2:3:2:[[21,1]]:2,1,0,2,0,2,0,1,0,0,2,2,0,2,0,0,0,2,2,0,2,2,0,0,2
38.2.c.b:38:2:c:b:4:3:2:[[21,1]]:1,2,2,0,2,2,0,2,2,1,1,1,1,1,2,2,0,2,0,2,0,2,0,0,1
38.2.c.b:38:2:c:b:4:3:3:[[21,1]]:1,2,2,0,2,2,0,2,2,1,1,1,1,1,2,2,0,2,0,2,0,2,0,0,1
38.2.e.a:38:2:e:a:6:3:4:[[21,1]]:1,2,2,0,2,2,0,2,2,1,1,1,1,1,2,2,0,2,0,2,0,2,0,0,1
40.2.a.a:40:2:a:a:1:3:1:[]:0,0,1,2,1,1,2,1,1,1,1,0,0,1,1,0,2,1,2,0,0,0,2,0,1
41.2.b.a:41:2:b:a:2:3:1:[[6,2]]:2,1,2,2,1,1,0,1,0,1,1,2,2,1,2,2,1,1,0,0,2,2,0,1,0
41.2.b.a:41:2:b:a:2:3:2:[[6,2]]:2,1,2,2,1,1,0,1,0,1,1,2,2,1,2,2,1,1,0,0,2,2,0,1,0
43.2.a.a:43:2:a:a:1:3:1:[]:1,1,2,0,0,1,0,1,2,0,2,0,2,2,1,1,0,2,0,2,2,1,0,2,1
43.2.c.a:43:2:c:a:2:3:2:[[3,1]]:1,1,2,0,0,1,0,1,2,0,2,0,2,2,1,1,0,2,0,2,2,1,0,2,1
44.2.a.a:44:2:a:a:1:3:1:[]:0,1,0,2,2,2,0,2,0,0,2,2,0,2,0,0,0,2,2,0,2,2,0,0,2
46.2.a.a:46:2:a:a:1:3:1:[]:2,0,1,2,2,1,1,1,1,2,0,2,0,1,0,2,0,1,2,0,0,0,2,0,0
47.2.a.a:47:2:a:a:4:3:1:[]:2,2,0,1,0,0,0,2,1,2,0,0,1,0,1,2,0,2,1,0,2,2,1,2,0
49.2.a.a:49:2:a:a:1:3:1:[]:1,0,0,0,1,0,0,0,2,2,0,0,0,0,0,2,0,0,1,1,0,2,0,0,0
49.2.c.a:49:2:c:a:2:3:2:[[3,1]]:1,0,0,0,1,0,0,0,2,2,0,0,0,0,0,2,0,0,1,1,0,2,0,0,0
50.2.a.a:50:2:a:a:1:3:1:[]:2,1,0,2,0,2,0,2,0,0,2,2,0,2,0,0,0,2,2,0,2,2,0,0,2
50.2.a.b:50:2:a:b:1:3:1:[]:1,2,0,1,0,1,0,2,0,0,2,1,0,1,0,0,0,2,1,0,1,2,0,0,1
52.2.a.a:52:2:a:a:1:3:1:[]:0,0,2,1,1,2,0,0,2,2,1,0,0,1,1,0,2,1,1,1,2,2,0,0,2
52.2.e.a:52:2:e:a:2:3:2:[[27,1],[41,1]]:0,0,2,1,1,2,0,0,2,2,1,0,0,1,1,0,2,1,1,1,2,2,0,0,2
52.2.e.b:52:2:e:b:2:3:1:[[27,1],[41,1]]:0,1,0,2,0,1,0,2,0,0,2,2,0,2,0,0,0,2,2,0,2,2,0,0,2
52.2.h.a:52:2:h:a:2:3:2:[[27,1],[41,2]]:0,2,0,0,0,2,0,0,0,0,0,0,0,2,0,0,0,1,0,0,0,1,0,0,0
53.2.a.a:53:2:a:a:1:3:1:[]:2,0,0,2,0,0,0,1,1,2,1,2,0,1,1,2,1,1,0,1,2,2,2,1,1
55.2.a.a:55:2:a:a:1:3:1:[]:1,0,1,0,2,2,0,2,1,0,1,1,2,1,0,1,1,2,2,2,2,2,2,1,1
55.2.b.a:55:2:b:a:4:3:1:[[12,2],[46,1]]:2,1,1,0,2,0,2,2,2,0,2,0,0,0,2,2,0,2,0,0,0,2,2,0,0
55.2.b.a:55:2:b:a:4:3:2:[[12,2],[46,1]]:2,1,1,0,2,0,2,2,2,0,2,0,0,0,2,2,0,2,0,0,0,2,2,0,0
56.2.a.a:56:2:a:a:1:3:1:[]:0,0,2,2,2,2,0,2,0,0,2,1,2,2,1,0,0,0,2,1,1,1,2,0,0
56.2.a.b:56:2:a:b:1:3:1:[]:0,2,2,1,0,0,1,1,2,2,1,0,1,2,2,2,0,1,0,0,1,1,0,1,1
56.2.b.a:56:2:b:a:2:3:1:[[15,1],[17,1],[29,2]]:1,1,2,1,2,0,0,0,0,2,2,0,0,0,0,2,2,0,0,0,2,2,2,0,2
56.2.b.a:56:2:b:a:2:3:2:[[15,1],[17,1],[29,2]]:1,1,2,1,2,0,0,0,0,2,2,0,0,0,0,2,2,0,0,0,2,2,2,0,2
56.2.i.a:56:2:i:a:2:3:2:[[15,1],[17,1],[29,1]]:0,0,2,2,2,2,0,2,0,0,2,1,2,2,1,0,0,0,2,1,1,1,2,0,0
56.2.i.b:56:2:i:b:2:3:2:[[15,1],[17,1],[29,1]]:0,2,2,1,0,0,1,1,2,2,1,0,1,2,2,2,0,1,0,0,1,1,0,1,1
56.2.p.a:56:2:p:a:12:3:3:[[15,1],[17,1],[29,2]]:1,1,2,1,2,0,0,0,0,2,2,0,0,0,0,2,2,0,0,0,2,2,2,0,2
56.2.p.a:56:2:p:a:12:3:4:[[15,1],[17,1],[29,2]]:1,1,2,1,2,0,0,0,0,2,2,0,0,0,0,2,2,0,0,0,2,2,2,0,2
58.2.a.a:58:2:a:a:1:3:1:[]:2,0,0,1,2,0,2,1,0,2,0,1,1,1,2,1,2,1,2,1,0,2,0,0,0
58.2.a.b:58:2:a:b:1:3:1:[]:1,2,1,1,0,2,2,0,1,2,0,2,2,1,1,1,0,1,0,2,1,0,1,2,1
61.2.a.a:61:2:a:a:1:3:1:[]:2,1,0,1,1,1,1,2,0,0,0,2,2,1,1,0,0,2,2,1,1,0,1,2,1
61.2.c.a:61:2:c:a:8:3:2:[[2,1]]:2,1,0,1,1,1,1,2,0,0,0,2,2,1,1,0,0,2,2,1,1,0,1,2,1
61.2.f.a:61:2:f:a:2:3:1:[[2,2]]:0,1,0,0,0,1,0,1,0,0,0,0,0,0,0,0,0,1,0,0,2,0,0,0,1
62.2.a.a:62:2:a:a:1:3:1:[]:1,0,1,0,0,2,0,1,2,2,2,1,0,2,1,0,0,0,0,2,1,1,2,0,2
62.2.a.b:62:2:a:b:2:3:1:[]:2,1,0,2,0,2,0,2,0,0,1,2,0,2,0,0,0,2,2,0,2,2,0,0,2
62.2.c.a:62:2:c:a:2:3:2:[[3,1]]:2,1,0,2,0,2,0,2,0,0,1,2,0,2,0,0,0,2,2,0,2,2,0,0,2
62.2.c.b:62:2:c:b:2:3:2:[[3,1]]:1,0,1,0,0,2,0,1,2,2,2,1,0,2,1,0,0,0,0,2,1,1,2,0,2
64.2.a.a:64:2:a:a:1:3:1:[]:0,0,2,0,0,0,2,0,0,1,0,2,1,0,0,1,0,1,0,0,0,0,0,1,0
65.2.a.a:65:2:a:a:1:3:1:[]:2,1,2,2,2,2,2,0,0,2,2,1,0,1,1,2,0,2,2,0,0,0,2,2,1
65.2.a.c:65:2:a:c:2:3:1:[]:0,1,2,2,0,1,0,2,0,0,2,2,0,2,0,0,0,2,2,0,2,2,0,0,2
65.2.e.b:65:2:e:b:4:3:2:[[27,1],[41,1]]:2,1,2,2,2,2,2,0,0,2,2,1,0,1,1,2,0,2,2,0,0,0,2,2,1
65.2.e.b:65:2:e:b:4:3:3:[[27,1],[41,1]]:2,1,2,2,2,2,2,0,0,2,2,1,0,1,1,2,0,2,2,0,0,0,2,2,1
67.2.a.a:67:2:a:a:1:3:1:[]:2,1,2,1,2,2,0,1,0,1,2,2,0,1,2,1,0,1,1,0,2,1,1,1,0
67.2.c.a:67:2:c:a:10:3:2:[[2,1]]:2,1,2,1,2,2,0,1,0,1,2,2,0,1,2,1,0,1,1,0,2,1,1,1,0
68.2.a.a:68:2:a:a:2:3:1:[]:0,1,0,2,0,2,2,2,0,0,2,2,0,2,0,0,0,2,2,0,2,2,0,0,2
68.2.b.a:68:2:b:a:2:3:1:[[35,1],[37,2]]:0,1,2,0,2,2,1,2,2,2,0,0,2,2,0,0,0,0,2,2,0,0,0,0,0
68.2.b.a:68:2:b:a:2:3:2:[[35,1],[37,2]]:0,1,2,0,2,2,1,2,2,2,0,0,2,2,0,0,0,0,2,2,0,0,0,0,0
70.2.a.a:70:2:a:a:1:3:1:[]:1,0,2,2,1,0,2,0,0,0,2,2,2,1,2,1,1,1,0,2,2,1,2,1,2
70.2.e.a:70:2:e:a:2:3:2:[[31,1],[57,1]]:1,0,2,2,1,0,2,0,0,0,2,2,2,1,2,1,1,1,0,2,2,1,2,1,2
70.2.e.b:70:2:e:b:2:3:1:[[31,1],[57,1]]:1,1,2,1,0,2,0,2,0,0,2,2,0,2,0,0,0,2,2,0,2,2,0,0,2
70.2.e.c:70:2:e:c:2:3:1:[[31,1],[57,1]]:2,1,2,1,0,2,0,2,0,0,2,2,0,2,0,0,0,2,2,0,2,2,0,0,2
70.2.e.d:70:2:e:d:2:3:1:[[31,1],[57,1]]:2,1,1,1,0,2,0,2,0,0,2,2,0,2,0,0,0,2,2,0,2,2,0,0,2
71.2.a.a:71:2:a:a:3:3:1:[]:0,0,2,0,0,1,0,1,2,1,1,1,1,1,2,0,1,1,2,1,1,0,2,0,2
71.2.a.b:71:2:a:b:3:3:2:[]:0,0,2,0,0,1,0,1,2,1,1,1,1,1,2,0,1,1,2,1,1,0,2,0,2
73.2.a.a:73:2:a:a:1:3:1:[]:1,0,2,2,1,0,2,2,1,2,1,0,0,1,0,1,0,1,2,0,1,2,1,0,2
73.2.a.c:73:2:a:c:2:3:2:[]:1,0,2,2,1,0,2,2,1,2,1,0,0,1,0,1,0,1,2,0,1,2,1,0,2
73.2.a.c:73:2:a:c:2:3:3:[]:1,0,2,2,1,0,2,2,1,2,1,0,0,1,0,1,0,1,2,0,1,2,1,0,2
73.2.c.a:73:2:c:a:8:3:4:[[5,1]]:1,0,2,2,1,0,2,2,1,2,1,0,0,1,0,1,0,1,2,0,1,2,1,0,2
74.2.a.a:74:2:a:a:2:3:1:[]:2,2,2,0,2,0,0,2,0,0,1,1,0,1,2,0,2,1,0,0,1,0,2,2,0
74.2.a.a:74:2:a:a:2:3:2:[]:2,2,2,0,2,0,0,2,0,0,1,1,0,1,2,0,2,1,0,0,1,0,2,2,0
74.2.c.a:74:2:c:a:2:3:3:[[39,1]]:2,2,2,0,2,0,0,2,0,0,1,1,0,1,2,0,2,1,0,0,1,0,2,2,0
74.2.c.b:74:2:c:b:2:3:1:[[39,1]]:2,1,0,2,0,2,0,2,0,0,2,1,0,2,0,0,0,2,2,0,2,2,0,0,2
74.2.c.c:74:2:c:c:6:3:1:[[39,1]]:1,1,0,2,0,2,0,2,0,0,2,1,0,2,0,0,0,2,2,0,2,2,0,0,2
74.2.f.a:74:2:f:a:6:3:4:[[39,1]]:2,2,2,0,2,0,0,2,0,0,1,1,0,1,2,0,2,1,0,0,1,0,2,2,0
76.2.a.a:76:2:a:a:1:3:1:[]:0,2,2,0,2,2,0,2,2,1,1,1,1,1,2,2,0,2,0,2,0,2,0,0,1
76.2.e.a:76:2:e:a:2:3:2:[[21,1],[39,1]]:0,2,2,0,2,2,0,2,2,1,1,1,1,1,2,2,0,2,0,2,0,2,0,0,1
76.2.i.a:76:2:i:a:12:3:3:[[21,1],[39,1]]:0,1,0,2,0,2,0,1,0,0,2,2,0,2,0,0,0,2,2,0,2,2,0,0,2
76.2.i.a:76:2:i:a:12:3:4:[[21,1],[39,1]]:0,1,0,2,0,2,0,1,0,0,2,2,0,2,0,0,0,2,2,0,2,2,0,0,2
77.2.a.a:77:2:a:a:1:3:1:[]:0,0,2,2,2,2,2,0,1,1,1,1,1,1,2,0,0,1,0,1,1,0,0,0,1
77.2.a.b:77:2:a:b:1:3:1:[]:0,1,0,1,2,2,0,2,0,0,2,2,0,2,0,0,0,2,2,0,2,2,0,0,2
77.2.a.c:77:2:a:c:1:3:1:[]:1,2,1,2,1,1,1,0,2,0,1,0,1,0,2,0,2,0,2,0,1,2,0,0,2
77.2.b.b:77:2:b:b:4:3:1:[[45,2],[57,2]]:2,1,2,1,1,2,0,2,0,2,0,2,0,0,2,0,2,2,2,0,2,0,0,2,0
77.2.b.b:77:2:b:b:4:3:2:[[45,2],[57,2]]:2,1,2,1,1,2,0,2,0,2,0,2,0,0,2,0,2,2,2,0,2,0,0,2,0
77.2.b.b:77:2:b:b:4:3:3:[[45,2],[57,2]]:2,1,2,1,1,2,0,2,0,2,0,2,0,0,2,0,2,2,2,0,2,0,0,2,0
77.2.b.b:77:2:b:b:4:3:4:[[45,2],[57,2]]:2,1,2,1,1,2,0,2,0,2,0,2,0,0,2,0,2,2,2,0,2,0,0,2,0
77.2.e.a:77:2:e:a:6:3:2:[[45,1],[57,1]]:1,2,1,2,1,1,1,0,2,0,1,0,1,0,2,0,2,0,2,0,1,2,0,0,2
77.2.e.b:77:2:e:b:6:3:2:[[45,1],[57,1]]:0,0,2,2,2,2,2,0,1,1,1,1,1,1,2,0,0,1,0,1,1,0,0,0,1
77.2.i.a:77:2:i:a:12:3:1:[[45,2],[57,2]]:2,2,1,2,1,1,0,1,0,2,0,2,0,0,1,0,1,1,2,0,1,0,0,1,0
77.2.i.a:77:2:i:a:12:3:2:[[45,2],[57,2]]:2,2,1,2,1,1,0,1,0,2,0,2,0,0,1,0,1,1,2,0,1,0,0,1,0
77.2.i.a:77:2:i:a:12:3:3:[[45,2],[57,2]]:2,2,1,2,1,1,0,1,0,2,0,2,0,0,1,0,1,1,2,0,1,0,0,1,0
77.2.i.a:77:2:i:a:12:3:4:[[45,2],[57,2]]:2,2,1,2,1,1,0,1,0,2,0,2,0,0,1,0,1,1,2,0,1,0,0,1,0
79.2.a.a:79:2:a:a:1:3:1:[]:2,2,0,2,1,0,0,1,2,0,2,1,2,1,1,2,0,2,2,0,2,2,0,2,2
79.2.c.a:79:2:c:a:12:3:2:[[3,1]]:2,2,0,2,1,0,0,1,2,0,2,1,2,1,1,2,0,2,2,0,2,2,0,2,2
80.2.a.a:80:2:a:a:1:3:1:[]:0,0,1,1,2,1,2,2,2,1,2,0,0,2,2,0,1,1,1,0,0,0,1,0,1
80.2.a.b:80:2:a:b:1:3:1:[]:0,2,2,1,0,2,0,1,0,0,1,2,0,1,0,0,0,2,1,0,2,1,0,0,2
82.2.a.a:82:2:a:a:1:3:1:[]:2,1,1,2,1,1,1,0,1,0,1,2,2,0,1,2,2,1,1,2,1,1,0,1,0
82.2.b.a:82:2:b:a:2:3:1:[[47,2]]:2,1,0,0,2,0,2,0,0,2,2,2,1,2,2,2,0,2,0,2,2,0,0,2,0
82.2.b.a:82:2:b:a:2:3:2:[[47,2]]:2,1,0,0,2,0,2,0,0,2,2,2,1,2,2,2,0,2,0,2,2,0,0,2,0
83.2.a.a:83:2:a:a:1:3:1:[]:2,2,1,0,0,0,2,2,2,2,2,1,1,1,0,0,2,2,1,2,0,2,2,0,1
85.2.a.a:85:2:a:a:1:3:1:[]:1,2,2,1,2,2,1,0,0,0,2,2,1,1,0,2,2,1,2,1,1,1,1,0,2
85.2.a.c:85:2:a:c:2:3:1:[]:0,1,1,2,0,2,2,2,0,0,2,2,0,2,0,0,0,2,2,0,2,2,0,0,2
85.2.c.a:85:2:c:a:8:3:1:[[52,2],[71,2]]:2,1,1,2,2,0,1,2,0,2,0,2,2,0,2,2,0,0,0,2,2,0,2,0,2
85.2.c.a:85:2:c:a:8:3:2:[[52,2],[71,2]]:2,1,1,2,2,0,1,2,0,2,0,2,2,0,2,2,0,0,0,2,2,0,2,0,2
85.2.c.a:85:2:c:a:8:3:3:[[52,2],[71,2]]:2,1,1,2,2,0,1,2,0,2,0,2,2,0,2,2,0,0,0,2,2,0,2,0,2
85.2.c.a:85:2:c:a:8:3:4:[[52,2],[71,2]]:2,1,1,2,2,0,1,2,0,2,0,2,2,0,2,2,0,0,0,2,2,0,2,0,2
86.2.a.a:86:2:a:a:2:3:1:[]:2,1,0,2,0,2,0,2,0,0,2,2,0,1,0,0,0,2,2,0,2,2,0,0,2
86.2.c.a:86:2:c:a:2:3:2:[[3,1]]:2,1,0,2,0,2,0,2,0,0,2,2,0,1,0,0,0,2,2,0,2,2,0,0,2
88.2.a.a:88:2:a:a:1:3:1:[]:0,0,0,1,2,0,0,1,1,1,2,2,1,0,1,2,2,1,1,0,1,2,1,0,2
88.2.g.a:88:2:g:a:2:3:1:[[23,2],[45,2],[57,2]]:1,2,0,0,2,0,1,0,0,0,0,0,2,0,0,0,0,0,2,0,0,0,2,0,1
88.2.g.a:88:2:g:a:2:3:2:[[23,2],[45,2],[57,2]]:1,2,0,0,2,0,1,0,0,0,0,0,2,0,0,0,0,0,2,0,0,0,2,0,1
89.2.a.a:89:2:a:a:1:3:1:[]:2,2,2,2,1,2,0,1,1,0,0,1,0,2,0,0,1,0,0,2,1,0,0,2,0
89.2.a.b:89:2:a:b:1:3:1:[]:1,2,1,2,2,2,0,1,2,0,0,1,0,2,0,0,2,0,0,1,1,0,0,1,0
91.2.a.a:91:2:a:a:1:3:1:[]:1,0,0,2,0,2,1,2,0,1,0,2,0,2,1,0,2,2,0,1,2,0,0,0,1
91.2.a.b:91:2:a:b:1:3:1:[]:0,1,0,1,0,1,0,2,0,0,2,2,0,2,0,0,0,2,2,0,2,2,0,0,2
91.2.e.a:91:2:e:a:2:3:2:[[15,1],[66,1]]:1,0,0,2,0,2,1,2,0,1,0,2,0,2,1,0,2,2,0,1,2,0,0,0,1
91.2.e.c:91:2:e:c:10:3:2:[[15,1],[66,1]]:0,1,0,1,0,1,0,2,0,0,2,2,0,2,0,0,0,2,2,0,2,2,0,0,2
91.2.f.c:91:2:f:c:8:3:3:[[15,1],[66,1]]:1,0,0,2,0,2,1,2,0,1,0,2,0,2,1,0,2,2,0,1,2,0,0,0,1
91.2.g.a:91:2:g:a:2:3:4:[[15,1],[66,1]]:1,0,0,2,0,2,1,2,0,1,0,2,0,2,1,0,2,2,0,1,2,0,0,0,1
91.2.g.b:91:2:g:b:12:3:3:[[15,1],[66,1]]:0,1,0,1,0,1,0,2,0,0,2,2,0,2,0,0,0,2,2,0,2,2,0,0,2
91.2.h.a:91:2:h:a:2:3:5:[[15,1],[66,1]]:1,0,0,2,0,2,1,2,0,1,0,2,0,2,1,0,2,2,0,1,2,0,0,0,1
91.2.h.b:91:2:h:b:12:3:4:[[15,1],[66,1]]:0,1,0,1,0,1,0,2,0,0,2,2,0,2,0,0,0,2,2,0,2,2,0,0,2
91.2.k.a:91:2:k:a:2:3:1:[[15,2],[66,1]]:0,2,0,1,0,2,0,0,0,0,0,0,0,2,0,0,0,1,0,0,0,1,0,0,0
91.2.r.a:91:2:r:a:16:3:2:[[15,2],[66,1]]:0,2,0,1,0,2,0,0,0,0,0,0,0,2,0,0,0,1,0,0,0,1,0,0,0
91.2.r.a:91:2:r:a:16:3:3:[[15,2],[66,1]]:0,2,0,1,0,2,0,0,0,0,0,0,0,2,0,0,0,1,0,0,0,1,0,0,0
91.2.u.a:91:2:u:a:2:3:1:[[15,2],[66,1]]:0,2,0,2,0,2,0,0,0,0,0,0,0,2,0,0,0,1,0,0,0,1,0,0,0
92.2.a.a:92:2:a:a:1:3:1:[]:0,0,1,2,2,1,1,1,1,2,0,2,0,1,0,2,0,1,2,0,0,0,2,0,0
92.2.a.b:92:2:a:b:1:3:1:[]:0,1,0,2,0,2,0,2,2,0,2,2,0,2,0,0,0,2,2,0,2,2,0,0,2
92.2.b.b:92:2:b:b:6:3:1:[[5,2],[47,2]]:2,1,0,0,0,1,0,0,1,0,0,0,0,0,1,0,1,0,0,2,2,0,0,0,0
92.2.b.b:92:2:b:b:6:3:2:[[5,2],[47,2]]:2,1,0,0,0,1,0,0,1,0,0,0,0,0,1,0,1,0,0,2,2,0,0,0,0
94.2.a.a:94:2:a:a:1:3:1:[]:1,0,0,0,2,2,1,1,1,1,1,2,0,0,2,2,0,2,2,2,1,2,2,2,1
95.2.a.b:95:2:a:b:4:3:1:[]:0,1,2,2,0,2,0,1,0,0,2,2,0,2,0,0,0,2,2,0,2,2,0,0,2
95.2.b.b:95:2:b:b:6:3:1:[[21,1],[77,2]]:2,1,1,0,0,0,2,1,2,0,2,0,0,0,2,2,0,2,0,0,0,2,2,0,0
95.2.b.b:95:2:b:b:6:3:2:[[21,1],[77,2]]:2,1,1,0,0,0,2,1,2,0,2,0,0,0,2,2,0,2,0,0,0,2,2,0,0
95.2.e.a:95:2:e:a:2:3:2:[[21,1],[77,1]]:0,1,2,2,0,2,0,1,0,0,2,2,0,2,0,0,0,2,2,0,2,2,0,0,2
95.2.e.c:95:2:e:c:8:3:1:[[21,1],[77,1]]:0,1,1,2,0,2,0,1,0,0,2,2,0,2,0,0,0,2,2,0,2,2,0,0,2
95.2.i.b:95:2:i:b:12:3:3:[[21,1],[77,2]]:2,1,1,0,0,0,2,1,2,0,2,0,0,0,2,2,0,2,0,0,0,2,2,0,0
95.2.i.b:95:2:i:b:12:3:4:[[21,1],[77,2]]:2,1,1,0,0,0,2,1,2,0,2,0,0,0,2,2,0,2,0,0,0,2,2,0,0
97.2.b.a:97:2:b:a:6:3:1:[[5,2]]:1,1,1,1,1,0,2,2,0,0,0,2,1,1,1,0,2,2,2,1,2,1,2,0,2
97.2.b.a:97:2:b:a:6:3:2:[[5,2]]:1,1,1,1,1,0,2,2,0,0,0,2,1,1,1,0,2,2,2,1,2,1,2,0,2
97.2.e.a:97:2:e:a:14:3:1:[[5,2]]:1,1,2,2,1,0,1,1,0,0,0,1,2,1,1,0,1,2,1,2,2,1,1,0,2
97.2.e.a:97:2:e:a:14:3:2:[[5,2]]:1,1,2,2,1,0,1,1,0,0,0,1,2,1,1,0,1,2,1,2,2,1,1,0,2
97.2.e.a:97:2:e:a:14:3:3:[[5,2]]:1,1,2,2,1,0,1,1,0,0,0,1,2,1,1,0,1,2,1,2,2,1,1,0,2
98.2.a.a:98:2:a:a:1:3:1:[]:2,2,0,0,0,1,0,1,0,0,1,2,0,2,0,0,0,1,2,0,1,2,0,0,1
98.2.c.a:98:2:c:a:2:3:2:[[3,1]]:2,2,0,0,0,1,0,1,0,0,1,2,0,2,0,0,0,1,2,0,1,2,0,0,1
98.2.c.b:98:2:c:b:2:3:1:[[3,1]]:2,1,0,0,0,2,0,2,0,0,2,2,0,2,0,0,0,2,2,0,2,2,0,0,2
100.2.a.a:100:2:a:a:1:3:1:[]:0,2,0,1,0,1,0,2,0,0,2,1,0,1,0,0,0,2,1,0,1,2,0,0,1
7.3.b.a:7:3:b:a:1:3:1:[[3,2]]:0,0,0,2,0,0,0,0,0,0,0,1,0,1,0,0,0,0,2,0,0,2,0,0,0
8.3.d.a:8:3:d:a:1:3:1:[[5,2],[7,2]]:1,1,0,0,2,0,2,2,0,0,0,0,2,2,0,0,2,0,2,0,2,0,2,2,2
11.3.b.a:11:3:b:a:1:3:1:[[2,2]]:0,1,2,0,1,0,0,0,2,0,2,2,0,0,2,2,2,0,2,2,0,0,0,2,2
16.3.c.a:16:3:c:a:1:3:1:[[5,1],[15,2]]:0,0,0,0,0,1,0,0,0,0,0,2,0,0,0,0,0,2,0,0,1,0,0,0,1
19.3.b.a:19:3:b:a:1:3:1:[[2,2]]:0,0,0,1,0,0,0,2,0,0,0,0,0,2,0,0,0,1,0,0,2,0,0,0,0
19.3.d.a:19:3:d:a:6:3:2:[[2,2]]:0,0,0,1,0,0,0,2,0,0,0,0,0,2,0,0,0,1,0,0,2,0,0,0,0
20.3.d.a:20:3:d:a:1:3:1:[[11,2],[17,2]]:1,1,1,2,0,0,0,0,2,2,0,0,2,2,2,0,0,2,2,0,0,0,2,2,0
20.3.d.b:20:3:d:b:1:3:1:[[11,2],[17,2]]:2,2,1,1,0,0,0,0,1,2,0,0,2,1,1,0,0,2,1,0,0,0,1,2,0
22.3.b.a:22:3:b:a:2:3:1:[[13,2]]:1,1,2,0,1,0,0,0,2,0,2,2,0,0,2,2,2,0,2,2,0,0,0,2,2
22.3.b.a:22:3:b:a:2:3:2:[[13,2]]:1,1,2,0,1,0,0,0,2,0,2,2,0,0,2,2,2,0,2,2,0,0,0,2,2
23.3.b.a:23:3:b:a:3:3:1:[[5,2]]:2,1,0,0,0,2,0,0,1,2,2,0,2,0,2,0,2,0,0,2,2,0,0,0,0
28.3.b.a:28:3:b:a:2:3:2:[[15,1],[17,2]]:0,0,0,2,0,0,0,0,0,0,0,1,0,1,0,0,0,0,2,0,0,2,0,0,0
28.3.h.a:28:3:h:a:2:3:3:[[15,1],[17,2]]:0,0,0,2,0,0,0,0,0,0,0,1,0,1,0,0,0,0,2,0,0,2,0,0,0
31.3.b.a:31:3:b:a:2:3:1:[[3,2]]:2,1,2,2,0,0,0,2,0,0,1,0,2,0,2,0,2,0,2,2,0,0,0,0,2
31.3.b.a:31:3:b:a:2:3:2:[[3,2]]:2,1,2,2,0,0,0,2,0,0,1,0,2,0,2,0,2,0,2,2,0,0,0,0,2
31.3.b.b:31:3:b:b:3:3:1:[[3,2]]:0,0,0,2,0,0,0,1,0,0,2,0,0,0,0,0,0,0,1,0,0,0,0,0,2
31.3.e.a:31:3:e:a:2:3:2:[[3,2]]:0,0,0,2,0,0,0,1,0,0,2,0,0,0,0,0,0,0,1,0,0,0,0,0,2
31.3.e.b:31:3:e:b:6:3:3:[[3,2]]:2,1,2,2,0,0,0,2,0,0,1,0,2,0,2,0,2,0,2,2,0,0,0,0,2
31.3.e.b:31:3:e:b:6:3:4:[[3,2]]:2,1,2,2,0,0,0,2,0,0,1,0,2,0,2,0,2,0,2,2,0,0,0,0,2
31.3.e.b:31:3:e:b:6:3:5:[[3,2]]:2,1,2,2,0,0,0,2,0,0,1,0,2,0,2,0,2,0,2,2,0,0,0,0,2
32.3.d.a:32:3:d:a:1:3:1:[[5,2],[31,2]]:0,2,0,0,1,0,2,1,0,0,0,0,2,1,0,0,1,0,1,0,2,0,1,2,2
35.3.c.a:35:3:c:a:1:3:1:[[22,2],[31,2]]:0,2,2,2,2,1,1,0,0,2,0,0,0,0,1,0,0,0,0,2,1,2,1,0,1
35.3.c.b:35:3:c:b:1:3:1:[[22,2],[31,2]]:0,1,1,1,2,2,2,0,0,2,0,0,0,0,2,0,0,0,0,2,2,2,2,0,2
35.3.c.c:35:3:c:c:4:3:2:[[22,2],[31,2]]:0,2,2,2,2,1,1,0,0,2,0,0,0,0,1,0,0,0,0,2,1,2,1,0,1
35.3.c.c:35:3:c:c:4:3:3:[[22,2],[31,2]]:0,2,2,2,2,1,1,0,0,2,0,0,0,0,1,0,0,0,0,2,1,2,1,0,1
35.3.d.a:35:3:d:a:2:3:1:[[22,1],[31,2]]:2,2,1,1,2,0,0,0,2,2,0,2,0,2,0,2,0,0,2,2,0,2,0,0,0
35.3.d.a:35:3:d:a:2:3:2:[[22,1],[31,2]]:2,2,1,1,2,0,0,0,2,2,0,2,0,2,0,2,0,0,2,2,0,2,0,0,0
35.3.d.b:35:3:d:b:2:3:1:[[22,1],[31,2]]:2,1,2,1,2,0,0,0,2,2,0,2,0,2,0,2,0,0,2,2,0,2,0,0,0
35.3.d.b:35:3:d:b:2:3:2:[[22,1],[31,2]]:2,1,2,1,2,0,0,0,2,2,0,2,0,2,0,2,0,0,2,2,0,2,0,0,0
35.3.h.a:35:3:h:a:12:3:3:[[22,1],[31,2]]:2,1,2,1,2,0,0,0,2,2,0,2,0,2,0,2,0,0,2,2,0,2,0,0,0
35.3.h.a:35:3:h:a:12:3:4:[[22,1],[31,2]]:2,1,2,1,2,0,0,0,2,2,0,2,0,2,0,2,0,0,2,2,0,2,0,0,0
35.3.h.a:35:3:h:a:12:3:5:[[22,1],[31,2]]:2,1,2,1,2,0,0,0,2,2,0,2,0,2,0,2,0,0,2,2,0,2,0,0,0
35.3.h.a:35:3:h:a:12:3:6:[[22,1],[31,2]]:2,1,2,1,2,0,0,0,2,2,0,2,0,2,0,2,0,0,2,2,0,2,0,0,0
35.3.i.a:35:3:i:a:12:3:4:[[22,2],[31,2]]:0,2,2,2,2,1,1,0,0,2,0,0,0,0,1,0,0,0,0,2,1,2,1,0,1
35.3.i.a:35:3:i:a:12:3:5:[[22,2],[31,2]]:0,2,2,2,2,1,1,0,0,2,0,0,0,0,1,0,0,0,0,2,1,2,1,0,1
38.3.b.a:38:3:b:a:2:3:1:[[21,2]]:1,2,2,2,2,0,2,1,2,0,0,0,0,2,2,0,0,2,0,0,2,0,2,0,0
38.3.b.a:38:3:b:a:2:3:2:[[21,2]]:1,2,2,2,2,0,2,1,2,0,0,0,0,2,2,0,0,2,0,0,2,0,2,0,0
38.3.d.a:38:3:d:a:4:3:3:[[21,2]]:1,2,2,2,2,0,2,1,2,0,0,0,0,2,2,0,0,2,0,0,2,0,2,0,0
38.3.d.a:38:3:d:a:4:3:4:[[21,2]]:1,2,2,2,2,0,2,1,2,0,0,0,0,2,2,0,0,2,0,0,2,0,2,0,0
40.3.e.a:40:3:e:a:1:3:1:[[17,2],[21,2],[31,2]]:1,0,2,0,0,0,0,1,1,0,0,0,0,0,2,2,0,0,0,0,0,0,0,0,0
40.3.e.b:40:3:e:b:1:3:1:[[17,2],[21,2],[31,2]]:2,0,1,0,0,0,0,1,2,0,0,0,0,0,1,1,0,0,0,0,0,0,0,0,0
40.3.g.a:40:3:g:a:8:3:1:[[17,1],[21,2],[31,2]]:1,1,1,0,2,0,2,2,0,0,0,0,2,2,0,0,2,0,2,0,2,0,2,2,2
40.3.g.a:40:3:g:a:8:3:2:[[17,1],[21,2],[31,2]]:1,1,1,0,2,0,2,2,0,0,0,0,2,2,0,0,2,0,2,0,2,0,2,2,2
43.3.b.a:43:3:b:a:1:3:1:[[3,2]]:0,0,0,0,0,1,0,0,0,0,1,0,0,2,0,0,0,0,1,0,0,1,0,0,2
44.3.b.a:44:3:b:a:10:3:1:[[13,1],[23,2]]:1,1,2,0,2,2,2,0,0,2,0,2,2,0,0,2,0,2,0,0,2,0,0,2,2
44.3.b.a:44:3:b:a:10:3:2:[[13,1],[23,2]]:1,1,2,0,2,2,2,0,0,2,0,2,2,0,0,2,0,2,0,0,2,0,0,2,2
44.3.d.a:44:3:d:a:2:3:2:[[13,2],[23,1]]:0,1,2,0,1,0,0,0,2,0,2,2,0,0,2,2,2,0,2,2,0,0,0,2,2
47.3.b.a:47:3:b:a:2:3:1:[[5,2]]:2,1,0,2,0,0,2,0,0,0,0,2,0,0,1,2,2,2,0,2,0,2,2,2,2
47.3.b.b:47:3:b:b:5:3:2:[[5,2]]:2,1,0,2,0,0,2,0,0,0,0,2,0,0,1,2,2,2,0,2,0,2,2,2,2
49.3.d.a:49:3:d:a:2:3:1:[[3,2]]:0,0,0,0,0,0,0,0,0,0,0,1,0,1,0,0,0,0,2,0,0,2,0,0,0
52.3.b.a:52:3:b:a:1:3:1:[[27,2],[41,2]]:1,0,0,0,1,2,0,0,0,0,0,0,0,0,1,0,2,1,0,2,0,0,2,0,0
52.3.b.b:52:3:b:b:1:3:1:[[27,2],[41,2]]:2,0,0,0,2,2,0,0,0,0,0,0,0,0,2,0,1,1,0,1,0,0,1,0,0
52.3.c.a:52:3:c:a:12:3:1:[[27,2],[41,1]]:1,2,2,0,0,1,2,0,0,2,0,2,2,0,0,2,0,2,0,0,2,0,0,2,2
52.3.c.a:52:3:c:a:12:3:2:[[27,2],[41,1]]:1,2,2,0,0,1,2,0,0,2,0,2,2,0,0,2,0,2,0,0,2,0,0,2,2
52.3.i.b:52:3:i:b:20:3:2:[[27,2],[41,2]]:1,0,0,0,1,2,0,0,0,0,0,0,0,0,1,0,2,1,0,2,0,0,2,0,0
52.3.i.b:52:3:i:b:20:3:3:[[27,2],[41,2]]:1,0,0,0,1,2,0,0,0,0,0,0,0,0,1,0,2,1,0,2,0,0,2,0,0
55.3.d.a:55:3:d:a:2:3:1:[[12,2],[46,2]]:0,2,2,0,2,0,0,0,0,0,1,0,0,0,0,0,2,0,0,2,0,0,0,1,0
55.3.d.a:55:3:d:a:2:3:2:[[12,2],[46,2]]:0,2,2,0,2,0,0,0,0,0,1,0,0,0,0,0,2,0,0,2,0,0,0,1,0
56.3.h.a:56:3:h:a:2:3:1:[[15,1],[17,2],[29,2]]:1,1,2,1,0,2,0,2,2,0,0,0,0,0,0,0,2,2,0,2,0,2,2,0,0
56.3.h.a:56:3:h:a:2:3:2:[[15,1],[17,2],[29,2]]:1,1,2,1,0,2,0,2,2,0,0,0,0,0,0,0,2,2,0,2,0,2,2,0,0
56.3.h.d:56:3:h:d:8:3:1:[[15,1],[17,2],[29,2]]:1,2,1,1,0,1,0,1,2,0,0,0,0,0,0,0,1,1,0,2,0,2,1,0,0
56.3.h.d:56:3:h:d:8:3:2:[[15,1],[17,2],[29,2]]:1,2,1,1,0,1,0,1,2,0,0,0,0,0,0,0,1,1,0,2,0,2,1,0,0
56.3.k.a:56:3:k:a:2:3:1:[[15,2],[17,1],[29,2]]:1,1,0,2,2,0,2,2,0,0,0,0,2,2,0,0,2,0,2,0,2,0,2,2,2
56.3.k.b:56:3:k:b:2:3:1:[[15,2],[17,1],[29,2]]:1,1,0,1,2,0,2,2,0,0,0,0,2,2,0,0,2,0,2,0,2,0,2,2,2
59.3.b.a:59:3:b:a:3:3:1:[[2,2]]:0,1,2,2,0,0,2,2,0,2,0,0,2,0,0,2,1,0,0,2,0,2,0,0,0
64.3.c.a:64:3:c:a:1:3:1:[[5,1],[63,2]]:0,0,0,0,0,2,0,0,0,0,0,1,0,0,0,0,0,1,0,0,1,0,0,0,1
67.3.b.a:67:3:b:a:1:3:1:[[2,2]]:0,0,0,0,0,0,0,1,0,0,0,1,0,0,0,0,0,0,2,0,1,0,0,0,0
68.3.d.a:68:3:d:a:2:3:1:[[35,2],[37,2]]:1,1,0,2,2,2,1,0,2,0,2,0,0,0,0,2,0,0,0,2,0,2,0,2,0
68.3.d.a:68:3:d:a:2:3:2:[[35,2],[37,2]]:1,1,0,2,2,2,1,0,2,0,2,0,0,0,0,2,0,0,0,2,0,2,0,2,0
70.3.d.a:70:3:d:a:8:3:1:[[31,2],[57,2]]:1,1,1,1,2,2,2,0,0,2,0,0,0,0,2,0,0,0,0,2,2,2,2,0,2
70.3.d.a:70:3:d:a:8:3:2:[[31,2],[57,2]]:1,1,1,1,2,2,2,0,0,2,0,0,0,0,2,0,0,0,0,2,2,2,2,0,2
70.3.d.a:70:3:d:a:8:3:3:[[31,2],[57,2]]:1,1,1,1,2,2,2,0,0,2,0,0,0,0,2,0,0,0,0,2,2,2,2,0,2
70.3.d.a:70:3:d:a:8:3:4:[[31,2],[57,2]]:1,1,1,1,2,2,2,0,0,2,0,0,0,0,2,0,0,0,0,2,2,2,2,0,2
70.3.h.a:70:3:h:a:16:3:1:[[31,2],[57,2]]:2,1,1,1,2,2,2,0,0,2,0,0,0,0,2,0,0,0,0,2,2,2,2,0,2
70.3.h.a:70:3:h:a:16:3:2:[[31,2],[57,2]]:2,1,1,1,2,2,2,0,0,2,0,0,0,0,2,0,0,0,0,2,2,2,2,0,2
70.3.h.a:70:3:h:a:16:3:3:[[31,2],[57,2]]:2,1,1,1,2,2,2,0,0,2,0,0,0,0,2,0,0,0,0,2,2,2,2,0,2
70.3.h.a:70:3:h:a:16:3:4:[[31,2],[57,2]]:2,1,1,1,2,2,2,0,0,2,0,0,0,0,2,0,0,0,0,2,2,2,2,0,2
71.3.b.b:71:3:b:b:7:3:1:[[7,2]]:2,1,2,0,0,0,0,2,0,2,0,2,0,2,0,0,0,0,0,1,2,2,2,2,0
76.3.c.a:76:3:c:a:2:3:1:[[21,2],[39,1]]:0,1,2,2,2,0,2,1,2,0,0,0,0,2,2,0,0,2,0,0,2,0,2,0,0
76.3.c.a:76:3:c:a:2:3:2:[[21,2],[39,1]]:0,1,2,2,2,0,2,1,2,0,0,0,0,2,2,0,0,2,0,0,2,0,2,0,0
76.3.c.b:76:3:c:b:2:3:3:[[21,2],[39,1]]:0,0,0,1,0,0,0,2,0,0,0,0,0,2,0,0,0,1,0,0,2,0,0,0,0
76.3.h.a:76:3:h:a:8:3:4:[[21,2],[39,1]]:0,0,0,1,0,0,0,2,0,0,0,0,0,2,0,0,0,1,0,0,2,0,0,0,0
76.3.h.a:76:3:h:a:8:3:5:[[21,2],[39,1]]:0,0,0,1,0,0,0,2,0,0,0,0,0,2,0,0,0,1,0,0,2,0,0,0,0
76.3.h.a:76:3:h:a:8:3:6:[[21,2],[39,1]]:0,0,0,1,0,0,0,2,0,0,0,0,0,2,0,0,0,1,0,0,2,0,0,0,0
76.3.j.a:76:3:j:a:18:3:1:[[21,2],[39,1]]:0,2,2,2,2,0,2,1,2,0,0,0,0,2,2,0,0,2,0,0,2,0,2,0,0
76.3.j.a:76:3:j:a:18:3:2:[[21,2],[39,1]]:0,2,2,2,2,0,2,1,2,0,0,0,0,2,2,0,0,2,0,0,2,0,2,0,0
76.3.j.a:76:3:j:a:18:3:3:[[21,2],[39,1]]:0,2,2,2,2,0,2,1,2,0,0,0,0,2,2,0,0,2,0,0,2,0,2,0,0
79.3.b.a:79:3:b:a:5:3:1:[[3,2]]:0,0,0,0,0,2,0,2,0,0,1,0,0,0,0,0,0,0,1,0,2,2,0,0,1
79.3.b.b:79:3:b:b:8:3:1:[[3,2]]:1,2,0,2,0,2,1,0,2,2,2,2,1,0,1,2,0,1,2,0,2,2,1,2,1
79.3.b.b:79:3:b:b:8:3:2:[[3,2]]:1,2,0,2,0,2,1,0,2,2,2,2,1,0,1,2,0,1,2,0,2,2,1,2,1
83.3.b.a:83:3:b:a:3:3:1:[[2,2]]:0,1,0,2,2,0,2,0,2,2,2,2,2,0,0,0,2,2,0,0,0,0,1,0,0
86.3.b.a:86:3:b:a:2:3:1:[[3,2]]:1,2,0,0,2,2,2,0,2,0,2,0,2,1,2,2,2,0,2,0,0,2,2,0,2
86.3.b.a:86:3:b:a:2:3:2:[[3,2]]:1,2,0,0,2,2,2,0,2,0,2,0,2,1,2,2,2,0,2,0,0,2,2,0,2
86.3.b.b:86:3:b:b:4:3:1:[[3,2]]:2,1,0,0,2,2,2,0,2,0,2,0,2,1,2,2,2,0,2,0,0,2,2,0,2
86.3.b.b:86:3:b:b:4:3:2:[[3,2]]:2,1,0,0,2,2,2,0,2,0,2,0,2,1,2,2,2,0,2,0,0,2,2,0,2
86.3.d.a:86:3:d:a:16:3:3:[[3,2]]:1,2,0,0,2,2,2,0,2,0,2,0,2,1,2,2,2,0,2,0,0,2,2,0,2
86.3.d.a:86:3:d:a:16:3:4:[[3,2]]:1,2,0,0,2,2,2,0,2,0,2,0,2,1,2,2,2,0,2,0,0,2,2,0,2
86.3.d.a:86:3:d:a:16:3:5:[[3,2]]:1,2,0,0,2,2,2,0,2,0,2,0,2,1,2,2,2,0,2,0,0,2,2,0,2
86.3.d.a:86:3:d:a:16:3:6:[[3,2]]:1,2,0,0,2,2,2,0,2,0,2,0,2,1,2,2,2,0,2,0,0,2,2,0,2
88.3.b.a:88:3:b:a:1:3:1:[[23,1],[45,2],[57,2]]:1,0,0,0,2,0,0,0,0,1,1,0,0,0,0,0,0,0,0,0,0,0,1,0,1
88.3.b.b:88:3:b:b:1:3:1:[[23,1],[45,2],[57,2]]:2,0,0,0,1,0,0,0,0,2,1,0,0,0,0,0,0,0,0,0,0,0,2,0,1
91.3.b.a:91:3:b:a:1:3:1:[[15,2],[66,2]]:0,0,0,1,0,2,0,1,0,0,2,0,0,1,0,0,0,0,0,0,2,1,0,0,1
91.3.b.b:91:3:b:b:1:3:1:[[15,2],[66,2]]:0,0,0,2,0,1,0,2,0,0,1,0,0,1,0,0,0,0,0,0,1,1,0,0,2
95.3.d.b:95:3:d:b:4:3:1:[[21,2],[77,2]]:1,2,1,0,2,1,0,1,0,0,0,1,0,0,0,1,0,2,1,0,0,0,0,0,1
95.3.d.b:95:3:d:b:4:3:2:[[21,2],[77,2]]:1,2,1,0,2,1,0,1,0,0,0,1,0,0,0,1,0,2,1,0,0,0,0,0,1
100.3.b.a:100:3:b:a:1:3:1:[[51,2],[77,1]]:1,0,0,0,0,0,1,0,0,0,0,0,0,0,0,1,0,1,0,0,0,0,0,0,0
100.3.b.b:100:3:b:b:1:3:1:[[51,2],[77,1]]:2,0,0,0,0,0,2,0,0,0,0,0,0,0,0,2,0,1,0,0,0,0,0,0,0
5.4.a.a:5:4:a:a:1:3:1:[]:2,2,1,0,2,1,2,1,0,1,0,2,1,1,2,2,2,1,0,1,1,0,0,0,2
7.4.a.a:7:4:a:a:1:3:1:[]:2,1,1,2,1,1,0,1,0,1,0,0,2,2,0,0,0,1,1,0,0,2,0,1,0
7.4.c.a:7:4:c:a:2:3:2:[[3,1]]:2,1,1,2,1,1,0,1,0,1,0,0,2,2,0,0,0,1,1,0,0,2,0,1,0
8.4.a.a:8:4:a:a:1:3:1:[]:0,2,1,0,1,1,2,2,1,0,2,0,0,1,0,1,1,1,2,2,1,1,2,0,2
10.4.a.a:10:4:a:a:1:3:1:[]:2,1,2,2,0,2,0,2,0,0,2,2,0,2,0,0,0,2,2,0,2,2,0,0,2
11.4.a.a:11:4:a:a:2:3:2:[]:1,2,1,1,1,1,1,0,2,0,1,0,1,0,2,0,2,0,2,0,1,2,0,0,2
13.4.a.a:13:4:a:a:1:3:1:[]:1,2,2,2,1,1,2,0,0,2,1,1,0,0,0,0,0,1,1,0,2,2,1,1,1
13.4.c.a:13:4:c:a:2:3:2:[[2,1]]:1,2,2,2,1,1,2,0,0,2,1,1,0,0,0,0,0,1,1,0,2,2,1,1,1
13.4.e.a:13:4:e:a:2:3:3:[[2,2]]:0,2,0,0,0,2,0,0,0,0,0,0,0,2,0,0,0,1,0,0,0,1,0,0,0
13.4.e.b:13:4:e:b:2:3:4:[[2,2]]:0,2,0,0,0,2,0,0,0,0,0,0,0,2,0,0,0,1,0,0,0,1,0,0,0
14.4.a.a:14:4:a:a:1:3:1:[]:1,2,1,2,2,0,2,2,2,1,0,2,0,2,0,0,1,0,1,2,1,0,2,0,1
14.4.a.b:14:4:a:b:1:3:2:[]:2,1,0,1,0,2,0,2,0,0,2,2,0,2,0,0,0,2,2,0,2,2,0,0,2
14.4.c.a:14:4:c:a:2:3:3:[[3,1]]:2,1,0,1,0,2,0,2,0,0,2,2,0,2,0,0,0,2,2,0,2,2,0,0,2
14.4.c.b:14:4:c:b:2:3:2:[[3,1]]:1,2,1,2,2,0,2,2,2,1,0,2,0,2,0,0,1,0,1,2,1,0,2,0,1
16.4.a.a:16:4:a:a:1:3:1:[]:0,1,1,0,2,1,2,1,2,0,1,0,0,2,0,1,2,1,1,1,1,2,1,0,2
17.4.a.a:17:4:a:a:1:3:2:[]:0,1,0,2,0,2,2,2,0,0,2,2,0,2,0,0,0,2,2,0,2,2,0,0,2
17.4.a.b:17:4:a:b:3:3:2:[]:2,0,1,1,0,1,1,2,1,0,1,1,0,1,0,0,0,2,1,2,0,0,2,1,2
19.4.a.a:19:4:a:a:1:3:5:[]:0,1,0,2,0,2,0,1,0,0,2,2,0,2,0,0,0,2,2,0,2,2,0,0,2
19.4.a.b:19:4:a:b:3:3:1:[]:1,1,1,0,0,0,0,2,1,2,2,2,1,2,0,0,0,1,2,0,1,0,1,1,1
19.4.a.b:19:4:a:b:3:3:2:[]:1,1,1,0,0,0,0,2,1,2,2,2,1,2,0,0,0,1,2,0,1,0,1,1,1
19.4.c.a:19:4:c:a:4:3:1:[[2,1]]:1,2,0,1,1,2,2,2,2,1,0,0,0,2,0,1,1,2,2,0,1,1,0,0,2
19.4.c.a:19:4:c:a:4:3:2:[[2,1]]:1,2,0,1,1,2,2,2,2,1,0,0,0,2,0,1,1,2,2,0,1,1,0,0,2
19.4.c.b:19:4:c:b:4:3:3:[[2,1]]:1,1,1,0,0,0,0,2,1,2,2,2,1,2,0,0,0,1,2,0,1,0,1,1,1
19.4.c.b:19:4:c:b:4:3:4:[[2,1]]:1,1,1,0,0,0,0,2,1,2,2,2,1,2,0,0,0,1,2,0,1,0,1,1,1
20.4.a.a:20:4:a:a:1:3:2:[]:0,1,2,2,0,2,0,2,0,0,2,2,0,2,0,0,0,2,2,0,2,2,0,0,2
22.4.a.a:22:4:a:a:1:3:1:[]:1,2,2,2,2,0,2,1,1,0,0,0,0,1,0,2,0,1,1,0,0,2,1,1,1
22.4.a.b:22:4:a:b:1:3:1:[]:1,1,2,1,1,1,1,0,0,1,1,1,2,1,1,1,0,1,0,2,0,1,1,1,1
22.4.a.c:22:4:a:c:1:3:1:[]:2,1,0,2,2,2,0,2,0,0,2,2,0,2,0,0,0,2,2,0,2,2,0,0,2
23.4.a.a:23:4:a:a:1:3:1:[]:1,1,0,1,1,0,1,2,2,2,1,2,2,1,0,0,0,0,2,2,1,1,0,2,2
25.4.a.a:25:4:a:a:1:3:1:[]:2,2,0,0,2,1,2,1,0,1,0,2,1,1,2,2,2,1,0,1,1,0,0,0,2
25.4.a.b:25:4:a:b:1:3:1:[]:1,1,0,0,2,2,1,1,0,1,0,1,1,2,1,1,2,1,0,1,2,0,0,0,1
25.4.a.c:25:4:a:c:1:3:2:[]:1,1,0,0,2,2,1,1,0,1,0,1,1,2,1,1,2,1,0,1,2,0,0,0,1
26.4.a.a:26:4:a:a:1:3:3:[]:1,0,2,1,1,2,0,0,2,2,1,0,0,1,1,0,2,1,1,1,2,2,0,0,2
26.4.a.b:26:4:a:b:1:3:1:[]:2,2,2,1,2,1,2,1,0,0,2,1,2,1,2,2,1,1,2,1,2,2,0,2,1
26.4.a.c:26:4:a:c:1:3:2:[]:2,1,0,2,0,1,0,2,0,0,2,2,0,2,0,0,0,2,2,0,2,2,0,0,2
26.4.c.a:26:4:c:a:2:3:4:[[15,1]]:1,0,2,1,1,2,0,0,2,2,1,0,0,1,1,0,2,1,1,1,2,2,0,0,2
26.4.c.b:26:4:c:b:4:3:3:[[15,1]]:2,1,0,2,0,1,0,2,0,0,2,2,0,2,0,0,0,2,2,0,2,2,0,0,2
26.4.c.b:26:4:c:b:4:3:4:[[15,1]]:2,1,0,2,0,1,0,2,0,0,2,2,0,2,0,0,0,2,2,0,2,2,0,0,2
28.4.a.a:28:4:a:a:1:3:1:[]:0,2,1,2,2,0,2,2,2,1,0,2,0,2,0,0,1,0,1,2,1,0,2,0,1
28.4.a.b:28:4:a:b:1:3:2:[]:0,1,0,1,0,2,0,2,0,0,2,2,0,2,0,0,0,2,2,0,2,2,0,0,2
28.4.e.a:28:4:e:a:4:3:2:[[15,1],[17,1]]:0,2,1,2,2,0,2,2,2,1,0,2,0,2,0,0,1,0,1,2,1,0,2,0,1
28.4.e.a:28:4:e:a:4:3:3:[[15,1],[17,1]]:0,2,1,2,2,0,2,2,2,1,0,2,0,2,0,0,1,0,1,2,1,0,2,0,1
29.4.b.a:29:4:b:a:6:3:3:[[2,2]]:1,2,0,2,1,2,1,0,0,2,0,0,1,0,1,0,0,0,2,0,0,0,0,1,0
29.4.b.a:29:4:b:a:6:3:4:[[2,2]]:1,2,0,2,1,2,1,0,0,2,0,0,1,0,1,0,0,0,2,0,0,0,0,1,0
32.4.a.a:32:4:a:a:1:3:1:[]:0,1,2,2,1,1,0,2,0,2,1,1,2,1,2,1,2,0,1,2,0,1,0,1,1
32.4.a.b:32:4:a:b:1:3:2:[]:0,0,1,0,0,0,2,0,0,2,0,1,1,0,0,2,0,2,0,0,0,0,0,1,0
32.4.a.c:32:4:a:c:1:3:1:[]:0,2,2,1,2,1,0,1,0,2,2,1,2,2,1,1,1,0,2,1,0,2,0,1,1
34.4.a.a:34:4:a:a:1:3:2:[]:1,1,0,2,0,2,2,2,0,0,2,2,0,2,0,0,0,2,2,0,2,2,0,0,2
34.4.a.b:34:4:a:b:1:3:1:[]:1,1,1,0,2,1,1,1,0,2,2,1,1,0,0,0,0,2,0,0,1,1,1,0,1
34.4.a.c:34:4:a:c:2:3:1:[]:2,1,0,2,0,2,2,2,0,0,2,2,0,2,0,0,0,2,2,0,2,2,0,0,2
34.4.a.c:34:4:a:c:2:3:2:[]:2,1,0,2,0,2,2,2,0,0,2,2,0,2,0,0,0,2,2,0,2,2,0,0,2
34.4.b.b:34:4:b:b:2:3:1:[[3,2]]:2,2,1,0,1,2,2,2,1,1,0,0,1,2,0,0,0,0,2,1,0,0,0,0,0
34.4.b.b:34:4:b:b:2:3:2:[[3,2]]:2,2,1,0,1,2,2,2,1,1,0,0,1,2,0,0,0,0,2,1,0,0,0,0,0
35.4.a.a:35:4:a:a:1:3:1:[]:1,1,1,1,0,0,2,1,2,1,1,1,0,1,2,1,1,1,1,0,1,2,2,0,0
35.4.a.c:35:4:a:c:3:3:2:[]:0,1,2,1,0,2,0,2,0,0,2,2,0,2,0,0,0,2,2,0,2,2,0,0,2
35.4.e.a:35:4:e:a:2:3:3:[[22,1],[31,1]]:0,1,2,1,0,2,0,2,0,0,2,2,0,2,0,0,0,2,2,0,2,2,0,0,2
35.4.e.c:35:4:e:c:10:3:2:[[22,1],[31,1]]:1,1,1,1,0,0,2,1,2,1,1,1,0,1,2,1,1,1,1,0,1,2,2,0,0
37.4.a.a:37:4:a:a:4:3:3:[]:0,1,0,2,0,2,0,2,0,0,2,1,0,2,0,0,0,2,2,0,2,2,0,0,2
37.4.a.b:37:4:a:b:5:3:4:[]:1,0,1,2,1,1,0,0,2,0,2,2,0,2,0,1,2,1,2,0,2,1,0,1,1
37.4.b.a:37:4:b:a:8:3:2:[[2,2]]:0,1,0,1,0,0,0,0,0,0,0,1,0,0,0,0,0,0,1,0,1,0,0,0,0
37.4.c.a:37:4:c:a:18:3:5:[[2,1]]:1,0,1,2,1,1,0,0,2,0,2,2,0,2,0,1,2,1,2,0,2,1,0,1,1
37.4.c.a:37:4:c:a:18:3:6:[[2,1]]:1,0,1,2,1,1,0,0,2,0,2,2,0,2,0,1,2,1,2,0,2,1,0,1,1
37.4.e.a:37:4:e:a:16:3:3:[[2,2]]:0,1,0,1,0,0,0,0,0,0,0,1,0,0,0,0,0,0,1,0,1,0,0,0,0
38.4.a.a:38:4:a:a:1:3:1:[]:1,1,0,2,0,2,0,1,0,0,2,2,0,2,0,0,0,2,2,0,2,2,0,0,2
38.4.a.b:38:4:a:b:2:3:5:[]:1,2,2,0,2,2,0,2,2,1,1,1,1,1,2,2,0,2,0,2,0,2,0,0,1
38.4.a.c:38:4:a:c:2:3:3:[]:2,1,0,2,0,2,0,1,0,0,2,2,0,2,0,0,0,2,2,0,2,2,0,0,2
38.4.a.c:38:4:a:c:2:3:4:[]:2,1,0,2,0,2,0,1,0,0,2,2,0,2,0,0,0,2,2,0,2,2,0,0,2
38.4.c.a:38:4:c:a:2:3:1:[[21,1]]:2,2,0,1,1,0,1,1,1,0,0,1,1,0,1,2,1,2,0,2,1,1,2,1,2
38.4.c.b:38:4:c:b:2:3:5:[[21,1]]:2,1,0,2,0,2,0,1,0,0,2,2,0,2,0,0,0,2,2,0,2,2,0,0,2
38.4.c.c:38:4:c:c:6:3:6:[[21,1]]:1,2,2,0,2,2,0,2,2,1,1,1,1,1,2,2,0,2,0,2,0,2,0,0,1
38.4.c.c:38:4:c:c:6:3:7:[[21,1]]:1,2,2,0,2,2,0,2,2,1,1,1,1,1,2,2,0,2,0,2,0,2,0,0,1
38.4.e.a:38:4:e:a:12:3:6:[[21,1]]:2,1,0,2,0,2,0,1,0,0,2,2,0,2,0,0,0,2,2,0,2,2,0,0,2
38.4.e.a:38:4:e:a:12:3:7:[[21,1]]:2,1,0,2,0,2,0,1,0,0,2,2,0,2,0,0,0,2,2,0,2,2,0,0,2
38.4.e.b:38:4:e:b:18:3:8:[[21,1]]:1,2,2,0,2,2,0,2,2,1,1,1,1,1,2,2,0,2,0,2,0,2,0,0,1
38.4.e.b:38:4:e:b:18:3:9:[[21,1]]:1,2,2,0,2,2,0,2,2,1,1,1,1,1,2,2,0,2,0,2,0,2,0,0,1
40.4.a.a:40:4:a:a:1:3:2:[]:0,0,1,2,1,1,2,1,1,1,1,0,0,1,1,0,2,1,2,0,0,0,2,0,1
40.4.a.b:40:4:a:b:1:3:1:[]:0,1,2,1,0,0,1,1,1,0,0,0,1,2,2,1,0,0,2,0,1,1,0,2,2
40.4.a.c:40:4:a:c:1:3:1:[]:0,1,1,0,2,0,0,2,0,1,1,1,0,0,2,0,0,2,1,2,0,1,0,1,2
41.4.a.a:41:4:a:a:3:3:1:[]:0,2,1,2,2,2,1,1,1,1,1,2,2,1,1,1,0,0,1,0,1,1,1,0,1
41.4.a.b:41:4:a:b:7:3:1:[]:1,1,2,1,0,0,0,0,0,2,1,2,1,2,0,0,0,0,1,0,1,1,2,2,0
41.4.b.a:41:4:b:a:10:3:3:[[6,2]]:2,1,2,2,1,1,0,1,0,1,1,2,2,1,2,2,1,1,0,0,2,2,0,1,0
41.4.b.a:41:4:b:a:10:3:4:[[6,2]]:2,1,2,2,1,1,0,1,0,1,1,2,2,1,2,2,1,1,0,0,2,2,0,1,0
43.4.a.b:43:4:a:b:6:3:3:[]:1,1,2,0,0,1,0,1,2,0,2,0,2,2,1,1,0,2,0,2,2,1,0,2,1
43.4.a.b:43:4:a:b:6:3:4:[]:1,1,2,0,0,1,0,1,2,0,2,0,2,2,1,1,0,2,0,2,2,1,0,2,1
43.4.c.a:43:4:c:a:20:3:5:[[3,1]]:1,1,2,0,0,1,0,1,2,0,2,0,2,2,1,1,0,2,0,2,2,1,0,2,1
43.4.c.a:43:4:c:a:20:3:6:[[3,1]]:1,1,2,0,0,1,0,1,2,0,2,0,2,2,1,1,0,2,0,2,2,1,0,2,1
44.4.a.a:44:4:a:a:1:3:1:[]:0,1,2,1,1,1,1,0,0,1,1,1,2,1,1,1,0,1,0,2,0,1,1,1,1
44.4.a.b:44:4:a:b:2:3:2:[]:0,1,0,2,2,2,0,2,0,0,2,2,0,2,0,0,0,2,2,0,2,2,0,0,2
44.4.a.b:44:4:a:b:2:3:3:[]:0,1,0,2,2,2,0,2,0,0,2,2,0,2,0,0,0,2,2,0,2,2,0,0,2
46.4.a.a:46:4:a:a:1:3:1:[]:1,2,2,0,0,1,2,1,2,1,1,2,1,2,2,2,2,2,2,0,0,2,2,0,1
46.4.a.b:46:4:a:b:1:3:2:[]:2,0,1,2,2,1,1,1,1,2,0,2,0,1,0,2,0,1,2,0,0,0,2,0,0
46.4.a.d:46:4:a:d:2:3:1:[]:2,1,0,2,0,2,0,2,2,0,2,2,0,2,0,0,0,2,2,0,2,2,0,0,2
46.4.a.d:46:4:a:d:2:3:2:[]:2,1,0,2,0,2,0,2,2,0,2,2,0,2,0,0,0,2,2,0,2,2,0,0,2
47.4.a.a:47:4:a:a:3:3:1:[]:2,1,2,0,1,1,2,0,0,0,2,2,1,2,2,1,2,2,1,1,2,2,2,0,1
47.4.a.a:47:4:a:a:3:3:2:[]:2,1,2,0,1,1,2,0,0,0,2,2,1,2,2,1,2,2,1,1,2,2,2,0,1
47.4.a.b:47:4:a:b:8:3:2:[]:2,2,0,1,0,0,0,2,1,2,0,0,1,0,1,2,0,2,1,0,2,2,1,2,0
47.4.a.b:47:4:a:b:8:3:3:[]:2,2,0,1,0,0,0,2,1,2,0,0,1,0,1,2,0,2,1,0,2,2,1,2,0
49.4.a.a:49:4:a:a:1:3:3:[]:1,0,0,0,1,0,0,0,2,2,0,0,0,0,0,2,0,0,1,1,0,2,0,0,0
49.4.a.b:49:4:a:b:1:3:1:[]:2,2,2,0,1,2,0,2,0,1,0,0,1,2,0,0,0,2,1,0,0,2,0,2,0
49.4.a.c:49:4:a:c:1:3:2:[]:2,2,2,0,1,2,0,2,0,1,0,0,1,2,0,0,0,2,1,0,0,2,0,2,0
49.4.a.d:49:4:a:d:1:3:1:[]:2,1,1,0,1,1,0,1,0,1,0,0,2,2,0,0,0,1,1,0,0,2,0,1,0
49.4.c.a:49:4:c:a:2:3:3:[[3,1]]:2,2,2,0,1,2,0,2,0,1,0,0,1,2,0,0,0,2,1,0,0,2,0,2,0
49.4.c.b:49:4:c:b:2:3:4:[[3,1]]:2,2,2,0,1,2,0,2,0,1,0,0,1,2,0,0,0,2,1,0,0,2,0,2,0
49.4.c.c:49:4:c:c:2:3:2:[[3,1]]:2,1,1,0,1,1,0,1,0,1,0,0,2,2,0,0,0,1,1,0,0,2,0,1,0
49.4.c.d:49:4:c:d:2:3:4:[[3,1]]:1,0,0,0,1,0,0,0,2,2,0,0,0,0,0,2,0,0,1,1,0,2,0,0,0
50.4.a.a:50:4:a:a:1:3:2:[]:1,2,0,1,0,1,0,2,0,0,2,1,0,1,0,0,0,2,1,0,1,2,0,0,1
50.4.a.b:50:4:a:b:1:3:1:[]:1,1,0,1,2,0,1,0,1,0,1,1,2,1,2,0,1,2,2,0,1,0,1,2,2
50.4.a.c:50:4:a:c:1:3:3:[]:1,2,0,1,0,1,0,2,0,0,2,1,0,1,0,0,0,2,1,0,1,2,0,0,1
50.4.a.d:50:4:a:d:1:3:1:[]:2,2,0,2,2,0,2,0,2,0,1,2,2,2,1,0,1,2,1,0,2,0,2,2,1
50.4.a.e:50:4:a:e:1:3:2:[]:2,1,0,2,0,2,0,2,0,0,2,2,0,2,0,0,0,2,2,0,2,2,0,0,2
52.4.a.a:52:4:a:a:1:3:3:[]:0,0,2,1,1,2,0,0,2,2,1,0,0,1,1,0,2,1,1,1,2,2,0,0,2
52.4.a.b:52:4:a:b:2:3:2:[]:0,1,0,2,0,1,0,2,0,0,2,2,0,2,0,0,0,2,2,0,2,2,0,0,2
52.4.a.b:52:4:a:b:2:3:3:[]:0,1,0,2,0,1,0,2,0,0,2,2,0,2,0,0,0,2,2,0,2,2,0,0,2
52.4.d.a:52:4:d:a:2:3:5:[[27,1],[41,2]]:0,2,0,0,0,2,0,0,0,0,0,0,0,2,0,0,0,1,0,0,0,1,0,0,0
52.4.e.a:52:4:e:a:6:3:4:[[27,1],[41,1]]:0,1,0,2,0,1,0,2,0,0,2,2,0,2,0,0,0,2,2,0,2,2,0,0,2
52.4.e.a:52:4:e:a:6:3:5:[[27,1],[41,1]]:0,1,0,2,0,1,0,2,0,0,2,2,0,2,0,0,0,2,2,0,2,2,0,0,2
52.4.e.a:52:4:e:a:6:3:6:[[27,1],[41,1]]:0,1,0,2,0,1,0,2,0,0,2,2,0,2,0,0,0,2,2,0,2,2,0,0,2
52.4.h.a:52:4:h:a:8:3:6:[[27,1],[41,2]]:0,2,0,0,0,2,0,0,0,0,0,0,0,2,0,0,0,1,0,0,0,1,0,0,0
53.4.a.a:53:4:a:a:1:3:1:[]:0,1,0,2,0,2,0,2,0,0,2,2,0,2,0,2,0,2,2,0,2,2,0,0,2
53.4.a.b:53:4:a:b:4:3:2:[]:2,0,0,2,0,0,0,1,1,2,1,2,0,1,1,2,1,1,0,1,2,2,2,1,1
55.4.a.a:55:4:a:a:1:3:2:[]:1,0,1,0,2,2,0,2,1,0,1,1,2,1,0,1,1,2,2,2,2,2,2,1,1
55.4.a.d:55:4:a:d:4:3:1:[]:0,1,2,2,2,2,0,2,0,0,2,2,0,2,0,0,0,2,2,0,2,2,0,0,2
55.4.b.b:55:4:b:b:10:3:1:[[12,2],[46,1]]:1,2,2,0,2,0,1,2,1,0,2,0,0,0,1,1,0,2,0,0,0,2,1,0,0
55.4.b.b:55:4:b:b:10:3:2:[[12,2],[46,1]]:1,2,2,0,2,0,1,2,1,0,2,0,0,0,1,1,0,2,0,0,0,2,1,0,0
56.4.a.a:56:4:a:a:1:3:1:[]:0,1,2,2,0,1,0,2,2,0,1,2,2,0,1,0,1,2,0,1,2,2,1,0,1
56.4.a.b:56:4:a:b:1:3:3:[]:0,0,2,2,2,2,0,2,0,0,2,1,2,2,1,0,0,0,2,1,1,1,2,0,0
56.4.a.c:56:4:a:c:2:3:3:[]:0,2,2,1,0,0,1,1,2,2,1,0,1,2,2,2,0,1,0,0,1,1,0,1,1
56.4.b.b:56:4:b:b:10:3:5:[[15,1],[17,1],[29,2]]:1,1,2,1,2,0,0,0,0,2,2,0,0,0,0,2,2,0,0,0,2,2,2,0,2
56.4.b.b:56:4:b:b:10:3:6:[[15,1],[17,1],[29,2]]:1,1,2,1,2,0,0,0,0,2,2,0,0,0,0,2,2,0,0,0,2,2,2,0,2
56.4.i.a:56:4:i:a:6:3:4:[[15,1],[17,1],[29,1]]:0,0,2,2,2,2,0,2,0,0,2,1,2,2,1,0,0,0,2,1,1,1,2,0,0
56.4.i.b:56:4:i:b:6:3:4:[[15,1],[17,1],[29,1]]:0,2,2,1,0,0,1,1,2,2,1,0,1,2,2,2,0,1,0,0,1,1,0,1,1
56.4.i.b:56:4:i:b:6:3:5:[[15,1],[17,1],[29,1]]:0,2,2,1,0,0,1,1,2,2,1,0,1,2,2,2,0,1,0,0,1,1,0,1,1
58.4.a.a:58:4:a:a:1:3:1:[]:1,1,2,1,1,0,0,2,2,1,1,0,2,0,2,1,0,0,0,1,2,1,0,0,0
58.4.a.b:58:4:a:b:1:3:1:[]:2,2,0,0,0,0,1,2,1,1,1,0,1,0,0,1,1,0,0,0,2,1,0,1,0
58.4.a.c:58:4:a:c:2:3:2:[]:1,2,1,1,0,2,2,0,1,2,0,2,2,1,1,1,0,1,0,2,1,0,1,2,1
58.4.a.d:58:4:a:d:3:3:1:[]:2,1,2,0,2,0,1,1,0,2,2,0,0,0,1,0,2,1,2,1,2,1,0,2,0
58.4.a.d:58:4:a:d:3:3:2:[]:2,1,2,0,2,0,1,1,0,2,2,0,0,0,1,0,2,1,2,1,2,1,0,2,0
58.4.a.d:58:4:a:d:3:3:3:[]:2,1,2,0,2,0,1,1,0,2,2,0,0,0,1,0,2,1,2,1,2,1,0,2,0
61.4.a.b:61:4:a:b:9:3:3:[]:2,1,0,1,1,1,1,2,0,0,0,2,2,1,1,0,0,2,2,1,1,0,1,2,1
61.4.b.a:61:4:b:a:14:3:2:[[2,2]]:0,1,0,0,0,1,0,1,0,0,0,0,0,0,0,0,0,1,0,0,2,0,0,0,1
62.4.a.a:62:4:a:a:1:3:1:[]:1,1,1,1,0,2,0,1,1,0,1,1,2,0,2,2,1,1,2,0,0,0,2,1,1
62.4.a.b:62:4:a:b:1:3:1:[]:2,1,0,1,2,2,2,1,1,1,2,0,1,2,2,0,2,1,0,0,2,1,1,0,0
62.4.a.c:62:4:a:c:3:3:3:[]:1,0,1,0,0,2,0,1,2,2,2,1,0,2,1,0,0,0,0,2,1,1,2,0,2
62.4.a.d:62:4:a:d:3:3:3:[]:2,1,0,2,0,2,0,2,0,0,1,2,0,2,0,0,0,2,2,0,2,2,0,0,2
62.4.a.d:62:4:a:d:3:3:4:[]:2,1,0,2,0,2,0,2,0,0,1,2,0,2,0,0,0,2,2,0,2,2,0,0,2
62.4.c.a:62:4:c:a:8:3:4:[[3,1]]:1,0,1,0,0,2,0,1,2,2,2,1,0,2,1,0,0,0,0,2,1,1,2,0,2
62.4.c.a:62:4:c:a:8:3:5:[[3,1]]:1,0,1,0,0,2,0,1,2,2,2,1,0,2,1,0,0,0,0,2,1,1,2,0,2
62.4.c.b:62:4:c:b:8:3:5:[[3,1]]:2,1,0,2,0,2,0,2,0,0,1,2,0,2,0,0,0,2,2,0,2,2,0,0,2
62.4.c.b:62:4:c:b:8:3:6:[[3,1]]:2,1,0,2,0,2,0,2,0,0,1,2,0,2,0,0,0,2,2,0,2,2,0,0,2
62.4.c.b:62:4:c:b:8:3:7:[[3,1]]:2,1,0,2,0,2,0,2,0,0,1,2,0,2,0,0,0,2,2,0,2,2,0,0,2
64.4.a.a:64:4:a:a:1:3:1:[]:0,1,1,1,1,2,0,2,0,1,2,2,2,1,1,2,2,0,1,1,0,2,0,1,1
64.4.a.b:64:4:a:b:1:3:1:[]:0,2,2,0,1,2,2,2,2,0,1,0,0,1,0,2,1,2,2,1,1,2,2,0,2
64.4.a.c:64:4:a:c:1:3:2:[]:0,0,2,0,0,0,2,0,0,1,0,2,1,0,0,1,0,1,0,0,0,0,0,1,0
64.4.a.d:64:4:a:d:1:3:1:[]:0,1,2,0,2,2,2,1,1,0,2,0,0,2,0,2,2,2,1,2,1,1,1,0,2
64.4.a.e:64:4:a:e:1:3:1:[]:0,2,1,2,2,2,0,1,0,1,1,2,2,2,2,2,1,0,2,2,0,1,0,1,1
65.4.a.a:65:4:a:a:1:3:1:[]:2,2,1,0,2,2,2,1,0,1,0,2,1,1,2,2,2,1,0,1,1,0,0,0,2
65.4.a.b:65:4:a:b:2:3:4:[]:2,1,2,2,2,2,2,0,0,2,2,1,0,1,1,2,0,2,2,0,0,0,2,2,1
65.4.a.d:65:4:a:d:2:3:1:[]:2,1,1,0,1,1,2,2,2,1,1,0,0,2,1,0,0,1,2,0,0,1,2,1,0
65.4.a.e:65:4:a:e:5:3:2:[]:0,1,2,2,0,1,0,2,0,0,2,2,0,2,0,0,0,2,2,0,2,2,0,0,2
65.4.e.a:65:4:e:a:14:3:2:[[27,1],[41,1]]:2,2,1,0,2,2,2,1,0,1,0,2,1,1,2,2,2,1,0,1,1,0,0,0,2
65.4.e.a:65:4:e:a:14:3:3:[[27,1],[41,1]]:2,2,1,0,2,2,2,1,0,1,0,2,1,1,2,2,2,1,0,1,1,0,0,0,2
65.4.e.b:65:4:e:b:14:3:5:[[27,1],[41,1]]:2,1,2,2,2,2,2,0,0,2,2,1,0,1,1,2,0,2,2,0,0,0,2,2,1
65.4.e.b:65:4:e:b:14:3:6:[[27,1],[41,1]]:2,1,2,2,2,2,2,0,0,2,2,1,0,1,1,2,0,2,2,0,0,0,2,2,1
67.4.a.a:67:4:a:a:7:3:3:[]:2,1,2,1,2,2,0,1,0,1,2,2,0,1,2,1,0,1,1,0,2,1,1,1,0
67.4.a.b:67:4:a:b:9:3:1:[]:1,2,0,0,0,1,2,1,2,1,2,0,0,0,0,1,0,2,2,2,2,2,2,0,1
68.4.a.a:68:4:a:a:1:3:1:[]:0,1,1,0,2,1,1,1,0,2,2,1,1,0,0,0,0,2,0,0,1,1,1,0,1
68.4.a.b:68:4:a:b:3:3:3:[]:0,1,0,2,0,2,2,2,0,0,2,2,0,2,0,0,0,2,2,0,2,2,0,0,2
68.4.a.b:68:4:a:b:3:3:4:[]:0,1,0,2,0,2,2,2,0,0,2,2,0,2,0,0,0,2,2,0,2,2,0,0,2
68.4.b.a:68:4:b:a:4:3:3:[[35,1],[37,2]]:0,1,2,0,2,2,1,2,2,2,0,0,2,2,0,0,0,0,2,2,0,0,0,0,0
68.4.b.a:68:4:b:a:4:3:4:[[35,1],[37,2]]:0,1,2,0,2,2,1,2,2,2,0,0,2,2,0,0,0,0,2,2,0,0,0,0,0
70.4.a.a:70:4:a:a:1:3:1:[]:1,1,1,2,2,1,2,1,1,1,0,0,0,2,0,2,0,2,0,1,1,1,0,1,2
70.4.a.b:70:4:a:b:1:3:3:[]:1,0,2,2,1,0,2,0,0,0,2,2,2,1,2,1,1,1,0,2,2,1,2,1,2
70.4.a.c:70:4:a:c:1:3:1:[]:1,2,1,1,1,1,2,2,1,0,1,1,2,0,1,0,1,1,0,2,1,0,0,2,1
70.4.a.d:70:4:a:d:1:3:2:[]:1,1,2,1,0,2,0,2,0,0,2,2,0,2,0,0,0,2,2,0,2,2,0,0,2
70.4.a.e:70:4:a:e:1:3:1:[]:2,2,2,2,2,1,0,0,1,1,1,2,1,2,1,1,1,0,0,0,0,1,2,2,2
70.4.a.f:70:4:a:f:1:3:2:[]:2,1,1,1,0,2,0,2,0,0,2,2,0,2,0,0,0,2,2,0,2,2,0,0,2
70.4.e.a:70:4:e:a:2:3:3:[[31,1],[57,1]]:2,1,1,1,0,2,0,2,0,0,2,2,0,2,0,0,0,2,2,0,2,2,0,0,2
70.4.e.b:70:4:e:b:2:3:2:[[31,1],[57,1]]:1,1,1,2,2,1,2,1,1,1,0,0,0,2,0,2,0,2,0,1,1,1,0,1,2
70.4.e.c:70:4:e:c:2:3:2:[[31,1],[57,1]]:1,2,1,1,1,1,2,2,1,0,1,1,2,0,1,0,1,1,0,2,1,0,0,2,1
70.4.e.d:70:4:e:d:4:3:4:[[31,1],[57,1]]:1,0,2,2,1,0,2,0,0,0,2,2,2,1,2,1,1,1,0,2,2,1,2,1,2
70.4.e.d:70:4:e:d:4:3:5:[[31,1],[57,1]]:1,0,2,2,1,0,2,0,0,0,2,2,2,1,2,1,1,1,0,2,2,1,2,1,2
70.4.e.e:70:4:e:e:6:3:2:[[31,1],[57,1]]:2,1,2,1,0,2,0,2,0,0,2,2,0,2,0,0,0,2,2,0,2,2,0,0,2
70.4.e.e:70:4:e:e:6:3:3:[[31,1],[57,1]]:2,1,2,1,0,2,0,2,0,0,2,2,0,2,0,0,0,2,2,0,2,2,0,0,2
71.4.a.a:71:4:a:a:1:3:1:[]:1,1,2,2,0,1,0,0,0,1,2,0,0,2,0,2,0,1,2,2,2,1,2,0,1
71.4.a.b:71:4:a:b:4:3:2:[]:1,1,2,2,0,1,0,0,0,1,2,0,0,2,0,2,0,1,2,2,2,1,2,0,1
71.4.a.b:71:4:a:b:4:3:3:[]:1,1,2,2,0,1,0,0,0,1,2,0,0,2,0,2,0,1,2,2,2,1,2,0,1
71.4.a.c:71:4:a:c:12:3:3:[]:0,0,2,0,0,1,0,1,2,1,1,1,1,1,2,0,1,1,2,1,1,0,2,0,2
73.4.a.a:73:4:a:a:1:3:1:[]:0,1,0,2,0,2,0,2,0,0,2,2,0,2,0,0,0,2,2,0,1,2,0,0,2
73.4.a.b:73:4:a:b:7:3:5:[]:1,0,2,2,1,0,2,2,1,2,1,0,0,1,0,1,0,1,2,0,1,2,1,0,2
73.4.a.b:73:4:a:b:7:3:6:[]:1,0,2,2,1,0,2,2,1,2,1,0,0,1,0,1,0,1,2,0,1,2,1,0,2
73.4.a.c:73:4:a:c:10:3:1:[]:1,2,2,2,2,1,0,2,0,2,0,1,2,0,1,0,1,1,2,1,2,2,1,1,1
73.4.b.a:73:4:b:a:18:3:1:[[5,2]]:0,2,0,0,0,0,0,1,0,0,0,1,0,0,0,0,0,2,2,0,2,1,0,0,2
73.4.b.a:73:4:b:a:18:3:2:[[5,2]]:0,2,0,0,0,0,0,1,0,0,0,1,0,0,0,0,0,2,2,0,2,1,0,0,2
73.4.b.a:73:4:b:a:18:3:3:[[5,2]]:0,2,0,0,0,0,0,1,0,0,0,1,0,0,0,0,0,2,2,0,2,1,0,0,2
74.4.a.a:74:4:a:a:1:3:2:[]:1,1,0,2,0,2,0,2,0,0,2,1,0,2,0,0,0,2,2,0,2,2,0,0,2
74.4.a.b:74:4:a:b:1:3:1:[]:2,1,1,2,2,0,0,1,2,1,2,2,0,1,2,1,0,1,2,0,1,2,0,2,1
74.4.a.c:74:4:a:c:3:3:1:[]:1,2,0,0,1,1,0,0,2,2,0,2,2,0,0,2,0,2,2,0,0,2,0,0,2
74.4.a.d:74:4:a:d:4:3:5:[]:2,2,2,0,2,0,0,2,0,0,1,1,0,1,2,0,2,1,0,0,1,0,2,2,0
74.4.a.d:74:4:a:d:4:3:6:[]:2,2,2,0,2,0,0,2,0,0,1,1,0,1,2,0,2,1,0,0,1,0,2,2,0
74.4.c.a:74:4:c:a:8:3:2:[[39,1]]:1,2,0,0,1,1,0,0,2,2,0,2,2,0,0,2,0,2,2,0,0,2,0,0,2
74.4.c.a:74:4:c:a:8:3:3:[[39,1]]:1,2,0,0,1,1,0,0,2,2,0,2,2,0,0,2,0,2,2,0,0,2,0,0,2
74.4.c.b:74:4:c:b:10:3:7:[[39,1]]:2,2,2,0,2,0,0,2,0,0,1,1,0,1,2,0,2,1,0,0,1,0,2,2,0
74.4.c.b:74:4:c:b:10:3:8:[[39,1]]:2,2,2,0,2,0,0,2,0,0,1,1,0,1,2,0,2,1,0,0,1,0,2,2,0
74.4.c.b:74:4:c:b:10:3:9:[[39,1]]:2,2,2,0,2,0,0,2,0,0,1,1,0,1,2,0,2,1,0,0,1,0,2,2,0
76.4.a.a:76:4:a:a:2:3:3:[]:0,2,2,0,2,2,0,2,2,1,1,1,1,1,2,2,0,2,0,2,0,2,0,0,1
76.4.a.b:76:4:a:b:3:3:6:[]:0,1,0,2,0,2,0,1,0,0,2,2,0,2,0,0,0,2,2,0,2,2,0,0,2
76.4.a.b:76:4:a:b:3:3:7:[]:0,1,0,2,0,2,0,1,0,0,2,2,0,2,0,0,0,2,2,0,2,2,0,0,2
76.4.e.a:76:4:e:a:10:3:4:[[21,1],[39,1]]:0,2,2,0,2,2,0,2,2,1,1,1,1,1,2,2,0,2,0,2,0,2,0,0,1
76.4.e.a:76:4:e:a:10:3:5:[[21,1],[39,1]]:0,2,2,0,2,2,0,2,2,1,1,1,1,1,2,2,0,2,0,2,0,2,0,0,1
76.4.e.a:76:4:e:a:10:3:6:[[21,1],[39,1]]:0,2,2,0,2,2,0,2,2,1,1,1,1,1,2,2,0,2,0,2,0,2,0,0,1
77.4.a.a:77:4:a:a:1:3:2:[]:0,1,0,1,2,2,0,2,0,0,2,2,0,2,0,0,0,2,2,0,2,2,0,0,2
77.4.a.c:77:4:a:c:4:3:3:[]:0,0,2,2,2,2,2,0,1,1,1,1,1,1,2,0,0,1,0,1,1,0,0,0,1
77.4.a.d:77:4:a:d:4:3:3:[]:1,2,1,2,1,1,1,0,2,0,1,0,1,0,2,0,2,0,2,0,1,2,0,0,2
77.4.a.e:77:4:a:e:5:3:1:[]:1,2,0,1,2,1,0,1,2,1,2,1,1,0,0,1,0,1,1,2,1,1,2,0,2
77.4.a.e:77:4:a:e:5:3:2:[]:1,2,0,1,2,1,0,1,2,1,2,1,1,0,0,1,0,1,1,2,1,1,2,0,2
77.4.b.b:77:4:b:b:20:3:5:[[45,2],[57,2]]:2,1,2,1,1,2,0,2,0,2,0,2,0,0,2,0,2,2,2,0,2,0,0,2,0
77.4.b.b:77:4:b:b:20:3:6:[[45,2],[57,2]]:2,1,2,1,1,2,0,2,0,2,0,2,0,0,2,0,2,2,2,0,2,0,0,2,0
77.4.b.b:77:4:b:b:20:3:7:[[45,2],[57,2]]:2,1,2,1,1,2,0,2,0,2,0,2,0,0,2,0,2,2,2,0,2,0,0,2,0
77.4.b.b:77:4:b:b:20:3:8:[[45,2],[57,2]]:2,1,2,1,1,2,0,2,0,2,0,2,0,0,2,0,2,2,2,0,2,0,0,2,0
77.4.e.a:77:4:e:a:2:3:4:[[45,1],[57,1]]:0,0,2,2,2,2,2,0,1,1,1,1,1,1,2,0,0,1,0,1,1,0,0,0,1
77.4.e.b:77:4:e:b:18:3:3:[[45,1],[57,1]]:1,2,0,1,2,1,0,1,2,1,2,1,1,0,0,1,0,1,1,2,1,1,2,0,2
77.4.e.b:77:4:e:b:18:3:4:[[45,1],[57,1]]:1,2,0,1,2,1,0,1,2,1,2,1,1,0,0,1,0,1,1,2,1,1,2,0,2
77.4.e.b:77:4:e:b:18:3:5:[[45,1],[57,1]]:1,2,0,1,2,1,0,1,2,1,2,1,1,0,0,1,0,1,1,2,1,1,2,0,2
77.4.e.c:77:4:e:c:20:3:4:[[45,1],[57,1]]:1,2,1,2,1,1,1,0,2,0,1,0,1,0,2,0,2,0,2,0,1,2,0,0,2
79.4.a.c:79:4:a:c:12:3:3:[]:2,2,0,2,1,0,0,1,2,0,2,1,2,1,1,2,0,2,2,0,2,2,0,2,2
80.4.a.a:80:4:a:a:1:3:1:[]:0,2,1,0,1,0,0,1,0,1,2,1,0,0,1,0,0,2,2,1,0,2,0,1,2
80.4.a.b:80:4:a:b:1:3:1:[]:0,2,2,2,0,0,1,2,2,0,0,0,1,1,1,1,0,0,1,0,1,2,0,2,2
80.4.a.c:80:4:a:c:1:3:2:[]:0,2,2,1,0,2,0,1,0,0,1,2,0,1,0,0,0,2,1,0,2,1,0,0,2
80.4.a.d:80:4:a:d:1:3:1:[]:0,1,1,0,1,1,2,2,0,1,0,2,1,2,1,2,1,1,0,2,1,0,0,0,2
80.4.a.e:80:4:a:e:1:3:2:[]:0,0,1,1,2,1,2,2,2,1,2,0,0,2,2,0,1,1,1,0,0,0,1,0,1
80.4.a.f:80:4:a:f:1:3:3:[]:0,2,2,1,0,2,0,1,0,0,1,2,0,1,0,0,0,2,1,0,2,1,0,0,2
82.4.a.a:82:4:a:a:1:3:1:[]:2,2,0,1,2,1,2,2,0,2,0,0,1,2,0,1,0,1,2,0,1,0,1,0,2
82.4.a.b:82:4:a:b:1:3:1:[]:2,1,0,2,0,2,0,2,0,0,2,2,2,2,0,0,0,2,2,0,2,2,0,0,2
82.4.a.c:82:4:a:c:2:3:1:[]:1,1,1,1,2,2,2,2,0,0,1,1,1,1,0,0,2,2,0,0,0,0,0,2,1
82.4.a.d:82:4:a:d:3:3:1:[]:1,2,1,2,2,2,1,1,1,1,1,2,2,1,1,1,0,0,1,0,1,1,1,0,1
82.4.a.e:82:4:a:e:3:3:2:[]:2,1,1,2,1,1,1,0,1,0,1,2,2,0,1,2,2,1,1,2,1,1,0,1,0
82.4.a.e:82:4:a:e:3:3:3:[]:2,1,1,2,1,1,1,0,1,0,1,2,2,0,1,2,2,1,1,2,1,1,0,1,0
82.4.b.b:82:4:b:b:6:3:3:[[47,2]]:2,1,0,0,2,0,2,0,0,2,2,2,1,2,2,2,0,2,0,2,2,0,0,2,0
82.4.b.b:82:4:b:b:6:3:4:[[47,2]]:2,1,0,0,2,0,2,0,0,2,2,2,1,2,2,2,0,2,0,2,2,0,0,2,0
83.4.a.a:83:4:a:a:7:3:2:[]:2,2,1,0,0,0,2,2,2,2,2,1,1,1,0,0,2,2,1,2,0,2,2,0,1
83.4.a.a:83:4:a:a:7:3:3:[]:2,2,1,0,0,0,2,2,2,2,2,1,1,1,0,0,2,2,1,2,0,2,2,0,1
85.4.a.a:85:4:a:a:1:3:1:[]:0,2,2,2,2,1,1,2,2,2,1,0,2,0,2,1,0,2,1,2,1,0,2,1,0
85.4.a.b:85:4:a:b:1:3:2:[]:0,1,1,2,0,2,2,2,0,0,2,2,0,2,0,0,0,2,2,0,2,2,0,0,2
85.4.a.c:85:4:a:c:1:3:1:[]:0,1,2,2,0,2,2,2,0,0,2,2,0,2,0,0,0,2,2,0,2,2,0,0,2
85.4.a.d:85:4:a:d:2:3:2:[]:1,2,2,1,2,2,1,0,0,0,2,2,1,1,0,2,2,1,2,1,1,1,1,0,2
85.4.a.e:85:4:a:e:3:3:3:[]:0,1,1,2,0,2,2,2,0,0,2,2,0,2,0,0,0,2,2,0,2,2,0,0,2
86.4.a.a:86:4:a:a:1:3:1:[]:1,2,0,2,2,1,1,1,2,0,2,2,1,2,1,1,0,0,2,0,1,2,0,2,2
86.4.a.b:86:4:a:b:1:3:1:[]:2,2,1,1,1,0,0,2,2,0,1,2,2,2,1,0,0,1,0,1,0,2,0,1,2
86.4.a.c:86:4:a:c:2:3:1:[]:1,1,2,1,2,2,1,2,2,1,2,1,0,1,2,0,1,1,1,0,1,1,2,0,2
86.4.a.d:86:4:a:d:3:3:1:[]:1,2,1,1,1,0,0,2,2,0,1,2,2,2,1,0,0,1,0,1,0,2,0,1,2
86.4.a.e:86:4:a:e:4:3:3:[]:2,1,0,2,0,2,0,2,0,0,2,2,0,1,0,0,0,2,2,0,2,2,0,0,2
86.4.a.e:86:4:a:e:4:3:4:[]:2,1,0,2,0,2,0,2,0,0,2,2,0,1,0,0,0,2,2,0,2,2,0,0,2
86.4.a.e:86:4:a:e:4:3:5:[]:2,1,0,2,0,2,0,2,0,0,2,2,0,1,0,0,0,2,2,0,2,2,0,0,2
86.4.c.a:86:4:c:a:4:3:2:[[3,1]]:2,2,1,1,1,0,0,2,2,0,1,2,2,2,1,0,0,1,0,1,0,2,0,1,2
86.4.c.a:86:4:c:a:4:3:3:[[3,1]]:2,2,1,1,1,0,0,2,2,0,1,2,2,2,1,0,0,1,0,1,0,2,0,1,2
86.4.c.b:86:4:c:b:6:3:6:[[3,1]]:2,1,0,2,0,2,0,2,0,0,2,2,0,1,0,0,0,2,2,0,2,2,0,0,2
86.4.c.b:86:4:c:b:6:3:7:[[3,1]]:2,1,0,2,0,2,0,2,0,0,2,2,0,1,0,0,0,2,2,0,2,2,0,0,2
86.4.c.c:86:4:c:c:12:3:2:[[3,1]]:1,1,2,1,2,2,1,2,2,1,2,1,0,1,2,0,1,1,1,0,1,1,2,0,2
86.4.c.c:86:4:c:c:12:3:3:[[3,1]]:1,1,2,1,2,2,1,2,2,1,2,1,0,1,2,0,1,1,1,0,1,1,2,0,2
86.4.c.c:86:4:c:c:12:3:4:[[3,1]]:1,1,2,1,2,2,1,2,2,1,2,1,0,1,2,0,1,1,1,0,1,1,2,0,2
88.4.a.a:88:4:a:a:1:3:1:[]:0,2,2,0,1,2,0,0,1,2,0,2,0,1,2,0,0,2,1,0,1,1,0,1,1
88.4.a.b:88:4:a:b:1:3:1:[]:0,1,0,2,1,0,1,2,1,0,0,1,2,1,0,1,1,2,0,2,0,2,2,1,1
88.4.a.d:88:4:a:d:3:3:1:[]:0,1,1,1,2,0,0,1,0,0,0,0,2,1,0,0,1,1,0,1,2,2,0,0,2
88.4.a.d:88:4:a:d:3:3:2:[]:0,1,1,1,2,0,0,1,0,0,0,0,2,1,0,0,1,1,0,1,2,2,0,0,2
88.4.g.a:88:4:g:a:2:3:1:[[23,2],[45,2],[57,2]]:2,2,0,0,1,0,2,0,0,0,0,0,1,0,0,0,0,0,2,0,0,0,1,0,1
88.4.g.a:88:4:g:a:2:3:2:[[23,2],[45,2],[57,2]]:2,2,0,0,1,0,2,0,0,0,0,0,1,0,0,0,0,0,2,0,0,0,1,0,1
89.4.a.a:89:4:a:a:1:3:2:[]:2,2,2,2,1,2,0,1,1,0,0,1,0,2,0,0,1,0,0,2,1,0,0,2,0
89.4.a.b:89:4:a:b:1:3:3:[]:2,2,2,2,1,2,0,1,1,0,0,1,0,2,0,0,1,0,0,2,1,0,0,2,0
89.4.a.c:89:4:a:c:6:3:4:[]:2,2,2,2,1,2,0,1,1,0,0,1,0,2,0,0,1,0,0,2,1,0,0,2,0
89.4.a.c:89:4:a:c:6:3:5:[]:2,2,2,2,1,2,0,1,1,0,0,1,0,2,0,0,1,0,0,2,1,0,0,2,0
89.4.a.d:89:4:a:d:14:3:2:[]:1,2,1,2,2,2,0,1,2,0,0,1,0,2,0,0,2,0,0,1,1,0,0,1,0
89.4.a.d:89:4:a:d:14:3:3:[]:1,2,1,2,2,2,0,1,2,0,0,1,0,2,0,0,2,0,0,1,1,0,0,1,0
91.4.a.c:91:4:a:c:5:3:1:[]:2,1,1,2,1,2,0,1,0,1,0,0,2,2,0,0,0,1,1,0,0,2,0,1,0
91.4.a.c:91:4:a:c:5:3:2:[]:2,1,1,2,1,2,0,1,0,1,0,0,2,2,0,0,0,1,1,0,0,2,0,1,0
91.4.a.d:91:4:a:d:6:3:5:[]:0,1,0,1,0,1,0,2,0,0,2,2,0,2,0,0,0,2,2,0,2,2,0,0,2
91.4.a.d:91:4:a:d:6:3:6:[]:0,1,0,1,0,1,0,2,0,0,2,2,0,2,0,0,0,2,2,0,2,2,0,0,2
91.4.f.a:91:4:f:a:2:3:1:[[15,1],[66,1]]:1,2,2,1,1,1,2,0,0,2,1,1,0,0,0,0,0,1,1,0,2,2,1,1,1
91.4.f.b:91:4:f:b:18:3:7:[[15,1],[66,1]]:0,1,0,1,0,1,0,2,0,0,2,2,0,2,0,0,0,2,2,0,2,2,0,0,2
91.4.f.c:91:4:f:c:20:3:3:[[15,1],[66,1]]:2,1,1,2,1,2,0,1,0,1,0,0,2,2,0,0,0,1,1,0,0,2,0,1,0
91.4.f.c:91:4:f:c:20:3:4:[[15,1],[66,1]]:2,1,1,2,1,2,0,1,0,1,0,0,2,2,0,0,0,1,1,0,0,2,0,1,0
92.4.a.a:92:4:a:a:3:3:2:[]:0,0,1,2,2,1,1,1,1,2,0,2,0,1,0,2,0,1,2,0,0,0,2,0,0
92.4.a.b:92:4:a:b:3:3:1:[]:0,2,1,1,0,1,0,0,2,0,2,0,1,0,1,2,0,1,0,0,2,0,2,0,0
92.4.a.b:92:4:a:b:3:3:2:[]:0,2,1,1,0,1,0,0,2,0,2,0,1,0,1,2,0,1,0,0,2,0,2,0,0
92.4.a.b:92:4:a:b:3:3:3:[]:0,2,1,1,0,1,0,0,2,0,2,0,1,0,1,2,0,1,0,0,2,0,2,0,0
92.4.b.a:92:4:b:a:2:3:1:[[5,2],[47,2]]:1,2,0,0,0,1,0,0,2,0,0,0,0,0,2,0,2,0,0,1,2,0,0,0,0
92.4.b.a:92:4:b:a:2:3:2:[[5,2],[47,2]]:1,2,0,0,0,1,0,0,2,0,0,0,0,0,2,0,2,0,0,1,2,0,0,0,0
92.4.b.b:92:4:b:b:4:3:3:[[5,2],[47,2]]:2,1,0,0,0,1,0,0,1,0,0,0,0,0,1,0,1,0,0,2,2,0,0,0,0
92.4.b.b:92:4:b:b:4:3:4:[[5,2],[47,2]]:2,1,0,0,0,1,0,0,1,0,0,0,0,0,1,0,1,0,0,2,2,0,0,0,0
94.4.a.a:94:4:a:a:2:3:1:[]:1,2,2,0,0,2,2,0,0,2,1,1,2,1,2,1,2,2,1,0,1,0,0,1,2
94.4.a.a:94:4:a:a:2:3:2:[]:1,2,2,0,0,2,2,0,0,2,1,1,2,1,2,1,2,2,1,0,1,0,0,1,2
94.4.a.c:94:4:a:c:4:3:1:[]:1,2,2,2,0,1,0,0,2,1,2,0,0,1,1,0,2,2,1,2,1,0,0,0,2
94.4.a.d:94:4:a:d:4:3:1:[]:2,2,2,0,0,2,2,0,0,2,1,1,2,1,2,1,2,2,1,0,1,0,0,1,2
94.4.a.d:94:4:a:d:4:3:2:[]:2,2,2,0,0,2,2,0,0,2,1,1,2,1,2,1,2,2,1,0,1,0,0,1,2
95.4.a.a:95:4:a:a:1:3:2:[]:0,1,1,2,0,2,0,1,0,0,2,2,0,2,0,0,0,2,2,0,2,2,0,0,2
95.4.a.b:95:4:a:b:1:3:3:[]:0,1,1,2,0,2,0,1,0,0,2,2,0,2,0,0,0,2,2,0,2,2,0,0,2
95.4.a.c:95:4:a:c:1:3:3:[]:0,1,2,2,0,2,0,1,0,0,2,2,0,2,0,0,0,2,2,0,2,2,0,0,2
95.4.a.d:95:4:a:d:1:3:1:[]:2,1,2,1,0,0,0,1,1,1,0,1,0,1,1,2,0,2,1,1,2,2,0,0,0
95.4.a.e:95:4:a:e:3:3:1:[]:1,2,2,1,1,2,2,2,2,1,0,0,0,2,0,1,1,2,2,0,1,1,0,0,2
95.4.a.g:95:4:a:g:6:3:1:[]:1,2,1,1,1,2,2,2,2,1,0,0,0,2,0,1,1,2,2,0,1,1,0,0,2
95.4.a.g:95:4:a:g:6:3:2:[]:1,2,1,1,1,2,2,2,2,1,0,0,0,2,0,1,1,2,2,0,1,1,0,0,2
95.4.b.a:95:4:b:a:12:3:1:[[21,1],[77,2]]:1,2,2,0,0,0,1,1,1,0,2,0,0,0,1,1,0,2,0,0,0,2,1,0,0
95.4.b.a:95:4:b:a:12:3:2:[[21,1],[77,2]]:1,2,2,0,0,0,1,1,1,0,2,0,0,0,1,1,0,2,0,0,0,2,1,0,0
95.4.e.a:95:4:e:a:2:3:2:[[21,1],[77,1]]:2,1,2,1,0,0,0,1,1,1,0,1,0,1,1,2,0,2,1,1,2,2,0,0,0
95.4.e.b:95:4:e:b:18:3:2:[[21,1],[77,1]]:1,2,2,1,1,2,2,2,2,1,0,0,0,2,0,1,1,2,2,0,1,1,0,0,2
95.4.e.b:95:4:e:b:18:3:3:[[21,1],[77,1]]:1,2,2,1,1,2,2,2,2,1,0,0,0,2,0,1,1,2,2,0,1,1,0,0,2
95.4.e.c:95:4:e:c:20:3:1:[[21,1],[77,1]]:2,2,1,0,2,1,2,2,0,1,0,2,1,1,2,2,2,1,0,1,1,0,0,0,2
95.4.e.c:95:4:e:c:20:3:2:[[21,1],[77,1]]:2,2,1,0,2,1,2,2,0,1,0,2,1,1,2,2,2,1,0,1,1,0,0,0,2
95.4.e.c:95:4:e:c:20:3:3:[[21,1],[77,1]]:2,2,1,0,2,1,2,2,0,1,0,2,1,1,2,2,2,1,0,1,1,0,0,0,2
97.4.a.a:97:4:a:a:11:3:1:[]:2,2,1,2,1,0,2,1,1,0,2,1,1,2,0,2,2,2,2,2,0,1,2,1,1
97.4.a.a:97:4:a:a:11:3:2:[]:2,2,1,2,1,0,2,1,1,0,2,1,1,2,0,2,2,2,2,2,0,1,2,1,1
97.4.a.b:97:4:a:b:13:3:1:[]:2,2,0,2,2,1,1,1,2,0,2,1,0,1,2,1,1,2,2,2,0,1,2,1,2
97.4.a.b:97:4:a:b:13:3:2:[]:2,2,0,2,2,1,1,1,2,0,2,1,0,1,2,1,1,2,2,2,0,1,2,1,2
97.4.e.a:97:4:e:a:4:3:1:[[5,2]]:1,2,1,0,2,2,1,0,2,1,2,2,0,2,0,0,0,0,2,2,0,2,2,0,2
97.4.e.a:97:4:e:a:4:3:2:[[5,2]]:1,2,1,0,2,2,1,0,2,1,2,2,0,2,0,0,0,0,2,2,0,2,2,0,2
98.4.a.a:98:4:a:a:1:3:1:[]:1,1,2,0,2,0,1,1,2,1,0,2,0,2,0,0,2,0,1,2,2,0,1,0,2
98.4.a.b:98:4:a:b:1:3:1:[]:1,2,1,0,2,0,2,2,2,1,0,2,0,2,0,0,1,0,1,2,1,0,2,0,1
98.4.a.c:98:4:a:c:1:3:2:[]:1,1,2,0,2,0,1,1,2,1,0,2,0,2,0,0,2,0,1,2,2,0,1,0,2
98.4.a.d:98:4:a:d:1:3:2:[]:2,1,0,0,0,2,0,2,0,0,2,2,0,2,0,0,0,2,2,0,2,2,0,0,2
98.4.a.e:98:4:a:e:1:3:3:[]:2,2,0,0,0,1,0,1,0,0,1,2,0,2,0,0,0,1,2,0,1,2,0,0,1
98.4.a.f:98:4:a:f:1:3:4:[]:2,2,0,0,0,1,0,1,0,0,1,2,0,2,0,0,0,1,2,0,1,2,0,0,1
98.4.a.h:98:4:a:h:2:3:1:[]:2,1,2,0,2,2,0,2,0,2,1,0,0,1,2,2,2,1,1,2,1,1,0,1,1
98.4.a.h:98:4:a:h:2:3:2:[]:2,1,2,0,2,2,0,2,0,2,1,0,0,1,2,2,2,1,1,2,1,1,0,1,1
98.4.c.a:98:4:c:a:2:3:5:[[3,1]]:2,2,0,0,0,1,0,1,0,0,1,2,0,2,0,0,0,1,2,0,1,2,0,0,1
98.4.c.b:98:4:c:b:2:3:6:[[3,1]]:2,2,0,0,0,1,0,1,0,0,1,2,0,2,0,0,0,1,2,0,1,2,0,0,1
98.4.c.c:98:4:c:c:2:3:3:[[3,1]]:2,1,0,0,0,2,0,2,0,0,2,2,0,2,0,0,0,2,2,0,2,2,0,0,2
98.4.c.d:98:4:c:d:2:3:2:[[3,1]]:1,2,1,0,2,0,2,2,2,1,0,2,0,2,0,0,1,0,1,2,1,0,2,0,1
98.4.c.e:98:4:c:e:2:3:3:[[3,1]]:1,1,2,0,2,0,1,1,2,1,0,2,0,2,0,0,2,0,1,2,2,0,1,0,2
98.4.c.f:98:4:c:f:2:3:4:[[3,1]]:1,1,2,0,2,0,1,1,2,1,0,2,0,2,0,0,2,0,1,2,2,0,1,0,2
98.4.c.g:98:4:c:g:4:3:1:[[3,1]]:2,2,1,0,2,1,0,1,0,2,2,0,0,1,1,2,1,2,1,2,2,1,0,2,2
98.4.c.g:98:4:c:g:4:3:2:[[3,1]]:2,2,1,0,2,1,0,1,0,2,2,0,0,1,1,2,1,2,1,2,2,1,0,2,2
100.4.a.a:100:4:a:a:1:3:2:[]:0,2,0,1,0,1,0,2,0,0,2,1,0,1,0,0,0,2,1,0,1,2,0,0,1
100.4.a.b:100:4:a:b:1:3:3:[]:0,2,0,1,0,1,0,2,0,0,2,1,0,1,0,0,0,2,1,0,1,2,0,0,1
100.4.a.c:100:4:a:c:1:3:1:[]:0,1,0,2,0,2,0,2,0,0,2,2,0,2,0,0,0,2,2,0,2,2,0,0,2
100.4.a.d:100:4:a:d:2:3:1:[]:0,1,0,1,2,0,1,0,1,0,1,1,2,1,2,0,1,2,2,0,1,0,1,2,2
100.4.a.d:100:4:a:d:2:3:2:[]:0,1,0,1,2,0,1,0,1,0,1,1,2,1,2,0,1,2,2,0,1,0,1,2,2
