19.2.a.a:19:2:a:a:1:3:1:[]:0,1,0,2,0,2,0,1,0,0,2,2,0,2,0,0,0,2,2,0,2,2,0,0,2,0,2,0,2,0,2,0,0,2,0,2,2,2,0,0,0,2,0,2,0,2,2,2,0,2,0,0,2,0,0,0,0,2,2,0,2,0,2,0,2,0,2,2,0,2,0,0,2,2,2,0,0,2,0,2,0,2,0,2,2,0,0,2,0,2,0,0,2,0,2,0,0,0,2,2,2,0,0,0,2,2,0,0,0,2,2,2,0,2,2,0,2,0,0,0,2,2,0,0,2,0,2,0,2,2,2,0,2,2,0,2,0,2,0,0,2,0,2,0,2,0,2,0,2,0,2,0,2,0,2,0,2,0,2,0,0,0,2,0,0,0,2,2
19.2.e.a:19:2:e:a:6:3:2:[[2,1]]:0,1,0,2,0,2,0,1,0,0,2,2,0,2,0,0,0,2,2,0,2,2,0,0,2,0,2,0,2,0,2,0,0,2,0,2,2,2,0,0,0,2,0,2,0,2,2,2,0,2,0,0,2,0,0,0,0,2,2,0,2,0,2,0,2,0,2,2,0,2,0,0,2,2,2,0,0,2,0,2,0,2,0,2,2,0,0,2,0,2,0,0,2,0,2,0,0,0,2,2,2,0,0,0,2,2,0,0,0,2,2,2,0,2,2,0,2,0,0,0,2,2,0,0,2,0,2,0,2,2,2,0,2,2,0,2,0,2,0,0,2,0,2,0,2,0,2,0,2,0,2,0,2,0,2,0,2,0,2,0,0,0,2,0,0,0,2,2
19.3.b.a:19:3:b:a:1:3:1:[[2,2]]:0,0,0,1,0,0,0,2,0,0,0,0,0,2,0,0,0,1,0,0,2,0,0,0,0,0,0,0,0,0,0,0,0,1,0,0,1,1,0,0,0,0,0,0,0,2,0,0,0,1,0,0,0,0,0,0,0,2,1,0,2,0,0,0,1,0,0,0,0,2,0,0,2,0,0,0,0,2,0,0,0,0,0,0,0,0,0,2,0,2,0,0,0,0,1,0,0,0,0,2,0,0,0,0,2,1,0,0,0,0,0,1,0,1,1,0,2,0,0,0,0,0,0,0,2,0,2,0,2,2,1,0,0,1,0,1,0,0,0,0,0,0,1,0,0,0,2,0,1,0,0,0,1,0,0,0,1,0,2,0,0,0,1,0,0,0,0,1
19.3.d.a:19:3:d:a:6:3:2:[[2,2]]:0,0,0,1,0,0,0,2,0,0,0,0,0,2,0,0,0,1,0,0,2,0,0,0,0,0,0,0,0,0,0,0,0,1,0,0,1,1,0,0,0,0,0,0,0,2,0,0,0,1,0,0,0,0,0,0,0,2,1,0,2,0,0,0,1,0,0,0,0,2,0,0,2,0,0,0,0,2,0,0,0,0,0,0,0,0,0,2,0,2,0,0,0,0,1,0,0,0,0,2,0,0,0,0,2,1,0,0,0,0,0,1,0,1,1,0,2,0,0,0,0,0,0,0,2,0,2,0,2,2,1,0,0,1,0,1,0,0,0,0,0,0,1,0,0,0,2,0,1,0,0,0,1,0,0,0,1,0,2,0,0,0,1,0,0,0,0,1
19.4.a.a:19:4:a:a:1:3:3:[]:0,1,0,2,0,2,0,1,0,0,2,2,0,2,0,0,0,2,2,0,2,2,0,0,2,0,2,0,2,0,2,0,0,2,0,2,2,2,0,0,0,2,0,2,0,2,2,2,0,2,0,0,2,0,0,0,0,2,2,0,2,0,2,0,2,0,2,2,0,2,0,0,2,2,2,0,0,2,0,2,0,2,0,2,2,0,0,2,0,2,0,0,2,0,2,0,0,0,2,2,2,0,0,0,2,2,0,0,0,2,2,2,0,2,2,0,2,0,0,0,2,2,0,0,2,0,2,0,2,2,2,0,2,2,0,2,0,2,0,0,2,0,2,0,2,0,2,0,2,0,2,0,2,0,2,0,2,0,2,0,0,0,2,0,0,0,2,2
19.4.a.b:19:4:a:b:3:3:1:[]:1,2,0,1,1,2,2,2,2,1,0,0,0,2,0,1,1,2,2,0,1,1,0,0,2,2,1,0,1,2,1,1,0,2,0,0,0,0,1,0,0,1,0,1,1,0,0,0,0,1,0,0,2,1,1,2,1,0,1,1,2,2,0,0,1,2,2,1,2,0,1,1,1,1,1,2,0,1,0,1,1,2,2,0,2,1,0,1,0,2,1,2,2,0,2,1,0,0,2,0,1,1,0,0,0,0,1,0,0,0,2,0,0,1,0,0,2,0,0,1,0,0,1,0,2,2,0,0,1,1,1,1,0,1,0,2,2,1,1,2,1,0,1,0,1,0,1,1,0,1,0,2,2,0,1,0,2,1,0,0,2,1,1,0,0,1,2,1
19.4.a.b:19:4:a:b:3:3:1:[]:1,1,1,0,0,0,0,2,1,2,2,2,1,2,0,0,0,1,2,0,1,0,1,1,1,2,2,1,2,0,1,2,0,1,0,1,1,2,0,2,2,2,0,1,1,1,2,1,0,0,1,0,0,0,2,0,0,0,1,2,1,1,0,1,2,0,0,2,0,1,2,1,2,2,0,2,0,2,2,1,2,2,0,1,1,0,1,0,0,2,1,2,2,1,1,0,2,2,2,2,1,0,2,0,2,0,2,0,0,1,0,0,2,2,1,2,2,0,2,1,0,2,2,0,2,0,2,1,2,1,0,0,1,2,2,0,0,2,0,2,2,0,1,2,2,0,1,0,2,2,2,1,0,2,1,2,2,1,2,2,1,2,1,0,0,1,1,2
19.4.c.a:19:4:c:a:4:3:2:[[2,1]]:1,1,1,0,0,0,0,2,1,2,2,2,1,2,0,0,0,1,2,0,1,0,1,1,1,2,2,1,2,0,1,2,0,1,0,1,1,2,0,2,2,2,0,1,1,1,2,1,0,0,1,0,0,0,2,0,0,0,1,2,1,1,0,1,2,0,0,2,0,1,2,1,2,2,0,2,0,2,2,1,2,2,0,1,1,0,1,0,0,2,1,2,2,1,1,0,2,2,2,2,1,0,2,0,2,0,2,0,0,1,0,0,2,2,1,2,2,0,2,1,0,2,2,0,2,0,2,1,2,1,0,0,1,2,2,0,0,2,0,2,2,0,1,2,2,0,1,0,2,2,2,1,0,2,1,2,2,1,2,2,1,2,1,0,0,1,1,2
19.4.c.a:19:4:c:a:4:3:2:[[2,1]]:1,2,0,1,1,2,2,2,2,1,0,0,0,2,0,1,1,2,2,0,1,1,0,0,2,2,1,0,1,2,1,1,0,2,0,0,0,0,1,0,0,1,0,1,1,0,0,0,0,1,0,0,2,1,1,2,1,0,1,1,2,2,0,0,1,2,2,1,2,0,1,1,1,1,1,2,0,1,0,1,1,2,2,0,2,1,0,1,0,2,1,2,2,0,2,1,0,0,2,0,1,1,0,0,0,0,1,0,0,0,2,0,0,1,0,0,2,0,0,1,0,0,1,0,2,2,0,0,1,1,1,1,0,1,0,2,2,1,1,2,1,0,1,0,1,0,1,1,0,1,0,2,2,0,1,0,2,1,0,0,2,1,1,0,0,1,2,1
19.4.c.b:19:4:c:b:4:3:4:[[2,1]]:0,1,0,2,0,2,0,1,0,0,2,2,0,2,0,0,0,2,2,0,2,2,0,0,2,0,2,0,2,0,2,0,0,2,0,2,2,2,0,0,0,2,0,2,0,2,2,2,0,2,0,0,2,0,0,0,0,2,2,0,2,0,2,0,2,0,2,2,0,2,0,0,2,2,2,0,0,2,0,2,0,2,0,2,2,0,0,2,0,2,0,0,2,0,2,0,0,0,2,2,2,0,0,0,2,2,0,0,0,2,2,2,0,2,2,0,2,0,0,0,2,2,0,0,2,0,2,0,2,2,2,0,2,2,0,2,0,2,0,0,2,0,2,0,2,0,2,0,2,0,2,0,2,0,2,0,2,0,2,0,0,0,2,0,0,0,2,2
19.4.c.b:19:4:c:b:4:3:3:[[2,1]]:1,1,1,0,0,0,0,2,1,2,2,2,1,2,0,0,0,1,2,0,1,0,1,1,1,2,2,1,2,0,1,2,0,1,0,1,1,2,0,2,2,2,0,1,1,1,2,1,0,0,1,0,0,0,2,0,0,0,1,2,1,1,0,1,2,0,0,2,0,1,2,1,2,2,0,2,0,2,2,1,2,2,0,1,1,0,1,0,0,2,1,2,2,1,1,0,2,2,2,2,1,0,2,0,2,0,2,0,0,1,0,0,2,2,1,2,2,0,2,1,0,2,2,0,2,0,2,1,2,1,0,0,1,2,2,0,0,2,0,2,2,0,1,2,2,0,1,0,2,2,2,1,0,2,1,2,2,1,2,2,1,2,1,0,0,1,1,2
19.4.e.a:19:4:e:a:24:3:1:[[2,1]]:1,1,0,0,1,0,0,0,0,0,0,0,0,0,1,0,0,0,0,0,0,0,2,0,0,0,0,1,0,0,0,0,0,0,0,0,0,0,0,0,0,0,1,0,0,0,0,0,1,0,0,0,0,2,0,0,0,0,0,0,0,0,0,0,0,0,0,0,0,0,0,0,0,0,0,0,0,0,0,0,0,0,1,0,0,2,0,0,0,0,2,0,0,0,0,0,0,0,0,0,0,0,0,0,0,0,0,0,0,0,0,0,0,0,0,0,0,0,0,0,0,0,0,1,0,0,0,0,0,0,0,0,0,0,0,0,0,0,0,0,0,0,0,0,0,0,0,0,0,0,0,0,0,0,0,1,0,0,0,0,2,0,0,1,0,0,0,0
19.4.e.a:19:4:e:a:24:3:1:[[2,1]]:2,2,2,0,1,1,1,0,0,0,2,2,2,2,1,2,0,0,1,0,0,0,1,0,0,1,0,1,0,1,0,1,1,0,2,0,1,0,0,2,0,2,2,2,1,0,2,2,2,0,2,0,2,2,1,0,0,1,2,0,0,0,2,0,0,2,0,0,1,1,2,0,1,2,0,0,0,0,1,0,0,0,1,0,0,0,1,1,2,2,1,0,0,0,0,0,0,1,2,0,0,0,0,0,1,2,0,2,0,2,1,0,2,0,0,0,1,0,2,0,2,1,1,1,0,1,0,0,0,1,0,0,0,1,2,0,2,2,1,0,2,0,0,1,0,0,2,1,0,1,2,0,2,0,0,2,0,0,2,0,1,1,0,1,0,0,0,2
19.4.e.a:19:4:e:a:24:3:1:[[2,1]]:1,2,1,0,2,0,1,2,0,1,2,2,0,0,2,1,2,2,0,0,2,2,0,1,2,0,0,2,0,2,0,0,1,0,2,0,0,2,0,2,2,0,1,1,0,0,0,0,1,1,0,2,1,0,2,0,1,0,1,0,0,2,0,0,1,0,2,2,1,0,0,0,2,0,1,0,0,1,2,1,0,2,2,0,0,1,2,0,0,1,0,2,0,2,0,0,0,2,1,0,0,2,0,2,0,1,1,0,0,0,1,0,2,1,0,1,0,0,2,0,0,2,0,1,1,0,0,2,0,2,1,0,0,0,1,0,2,2,0,1,0,0,0,2,1,0,0,0,1,2,1,2,0,0,0,1,0,2,0,1,0,0,0,2,2,0,1,1
