11.2.a.a:11:2:a:a:1:2:1:[]:0,1,1,0,1,0,0,0,1,0,1,1,0,0,0,0,1,0,1,1,0,0,0,1,1
15.2.a.a:15:2:a:a:1:2:1:[]:1,1,1,0,0,0,0,0,0,0,0,0,0,0,0,0,0,0,0,0,0,0,0,0,0
17.2.a.a:17:2:a:a:1:2:1:[]:1,0,0,0,0,0,1,0,0,0,0,0,0,0,0,0,0,0,0,0,0,0,0,0,0
17.2.d.a:17:2:d:a:4:2:2:[[3,1]]:1,0,0,0,0,0,1,0,0,0,0,0,0,0,0,0,0,0,0,0,0,0,0,0,0
19.2.a.a:19:2:a:a:1:2:1:[]:0,0,1,1,1,0,1,1,0,0,0,0,0,1,1,0,0,1,0,0,1,0,0,0,0
21.2.a.a:21:2:a:a:1:2:1:[]:1,1,0,1,0,0,0,0,0,0,0,0,0,0,0,0,0,0,0,0,0,0,0,0,0
27.2.a.a:27:2:a:a:1:2:1:[]:0,0,0,1,0,1,0,1,0,0,0,1,0,0,0,0,0,1,1,0,1,1,0,0,1
29.2.a.a:29:2:a:a:2:2:1:[]:1,1,1,0,1,1,0,0,0,1,1,0,0,1,1,1,0,0,0,0,0,1,0,0,0
29.2.b.a:29:2:b:a:2:2:2:[[2,1]]:1,1,1,0,1,1,0,0,0,1,1,0,0,1,1,1,0,0,0,0,0,1,0,0,0
33.2.a.a:33:2:a:a:1:2:1:[]:1,1,0,0,1,0,0,0,0,0,0,0,0,0,0,0,0,0,0,0,0,0,0,0,0
35.2.a.a:35:2:a:a:1:2:1:[]:0,1,1,1,1,1,1,0,0,1,0,0,0,0,1,0,0,0,0,0,0,1,0,0,1
35.2.a.b:35:2:a:b:2:2:1:[]:1,0,1,1,0,0,0,0,0,0,0,0,0,0,0,0,0,0,0,0,0,0,0,0,0
35.2.a.b:35:2:a:b:2:2:2:[]:1,0,1,1,0,0,0,0,0,0,0,0,0,0,0,0,0,0,0,0,0,0,0,0,0
35.2.b.a:35:2:b:a:2:2:2:[[22,1],[31,1]]:0,1,1,1,1,1,1,0,0,1,0,0,0,0,1,0,0,0,0,0,0,1,0,0,1
35.2.f.a:35:2:f:a:4:2:3:[[22,1],[31,1]]:0,1,1,1,1,1,1,0,0,1,0,0,0,0,1,0,0,0,0,0,0,1,0,0,1
37.2.a.a:37:2:a:a:1:2:1:[]:0,1,0,1,1,0,0,0,0,0,0,1,1,0,1,1,0,0,0,1,1,0,1,0,0
37.2.a.b:37:2:a:b:1:2:2:[]:0,1,0,1,1,0,0,0,0,0,0,1,1,0,1,1,0,0,0,1,1,0,1,0,0
37.2.b.a:37:2:b:a:2:2:3:[[2,1]]:0,1,0,1,1,0,0,0,0,0,0,1,1,0,1,1,0,0,0,1,1,0,1,0,0
39.2.a.a:39:2:a:a:1:2:1:[]:1,1,0,0,0,1,0,0,0,0,0,0,0,0,0,0,0,0,0,0,0,0,0,0,0
39.2.a.b:39:2:a:b:2:2:2:[]:1,1,0,0,0,1,0,0,0,0,0,0,0,0,0,0,0,0,0,0,0,0,0,0,0
39.2.f.a:39:2:f:a:4:2:3:[[14,1],[28,1]]:1,1,0,0,0,1,0,0,0,0,0,0,0,0,0,0,0,0,0,0,0,0,0,0,0
41.2.a.a:41:2:a:a:3:2:1:[]:1,0,0,0,0,0,0,0,0,0,0,0,1,0,0,0,0,0,0,0,0,0,0,0,0
41.2.b.a:41:2:b:a:2:2:2:[[6,1]]:1,0,0,0,0,0,0,0,0,0,0,0,1,0,0,0,0,0,0,0,0,0,0,0,0
41.2.c.a:41:2:c:a:6:2:3:[[6,1]]:1,0,0,0,0,0,0,0,0,0,0,0,1,0,0,0,0,0,0,0,0,0,0,0,0
43.2.a.a:43:2:a:a:1:2:1:[]:0,0,0,0,1,1,1,0,1,0,1,0,1,1,0,1,0,0,1,0,0,0,1,0,1
43.2.a.b:43:2:a:b:2:2:2:[]:0,0,0,0,1,1,1,0,1,0,1,0,1,1,0,1,0,0,1,0,0,0,1,0,1
45.2.a.a:45:2:a:a:1:2:1:[]:1,0,1,0,0,0,0,0,0,0,0,0,0,0,0,0,0,0,0,0,0,0,0,0,0
45.2.b.a:45:2:b:a:2:2:2:[[11,1],[37,1]]:1,0,1,0,0,0,0,0,0,0,0,0,0,0,0,0,0,0,0,0,0,0,0,0,0
45.2.f.a:45:2:f:a:4:2:3:[[11,1],[37,1]]:1,0,1,0,0,0,0,0,0,0,0,0,0,0,0,0,0,0,0,0,0,0,0,0,0
49.2.a.a:49:2:a:a:1:2:1:[]:1,0,0,0,0,0,0,0,0,0,0,0,0,0,0,0,0,0,0,0,0,0,0,0,0
51.2.a.a:51:2:a:a:1:2:1:[]:0,1,1,0,1,1,1,1,1,0,0,0,1,1,0,0,0,0,0,0,0,0,0,0,0
51.2.a.b:51:2:a:b:2:2:1:[]:1,1,0,0,0,0,1,0,0,0,0,0,0,0,0,0,0,0,0,0,0,0,0,0,0
51.2.a.b:51:2:a:b:2:2:2:[]:1,1,0,0,0,0,1,0,0,0,0,0,0,0,0,0,0,0,0,0,0,0,0,0,0
51.2.d.a:51:2:d:a:2:2:2:[[35,1],[37,1]]:0,1,1,0,1,1,1,1,1,0,0,0,1,1,0,0,0,0,0,0,0,0,0,0,0
51.2.d.b:51:2:d:b:2:2:3:[[35,1],[37,1]]:1,1,0,0,0,0,1,0,0,0,0,0,0,0,0,0,0,0,0,0,0,0,0,0,0
51.2.e.a:51:2:e:a:8:2:4:[[35,1],[37,1]]:1,1,0,0,0,0,1,0,0,0,0,0,0,0,0,0,0,0,0,0,0,0,0,0,0
51.2.e.a:51:2:e:a:8:2:5:[[35,1],[37,1]]:1,1,0,0,0,0,1,0,0,0,0,0,0,0,0,0,0,0,0,0,0,0,0,0,0
51.2.h.a:51:2:h:a:8:2:3:[[35,1],[37,1]]:0,1,1,0,1,1,1,1,1,0,0,0,1,1,0,0,0,0,0,0,0,0,0,0,0
53.2.a.a:53:2:a:a:1:2:1:[]:1,1,0,0,0,1,1,1,1,1,0,1,0,0,0,1,0,0,0,1,0,1,1,0,1
53.2.a.b:53:2:a:b:3:2:2:[]:1,1,0,0,0,1,1,1,1,1,0,1,0,0,0,1,0,0,0,1,0,1,1,0,1
53.2.b.a:53:2:b:a:4:2:3:[[2,1]]:1,1,0,0,0,1,1,1,1,1,0,1,0,0,0,1,0,0,0,1,0,1,1,0,1
55.2.a.a:55:2:a:a:1:2:1:[]:1,0,1,0,1,0,0,0,0,0,0,0,0,0,0,0,0,0,0,0,0,0,0,0,0
55.2.a.b:55:2:a:b:2:2:2:[]:1,0,1,0,1,0,0,0,0,0,0,0,0,0,0,0,0,0,0,0,0,0,0,0,0
55.2.b.a:55:2:b:a:4:2:3:[[12,1],[46,1]]:1,0,1,0,1,0,0,0,0,0,0,0,0,0,0,0,0,0,0,0,0,0,0,0,0
55.2.e.a:55:2:e:a:4:2:4:[[12,1],[46,1]]:1,0,1,0,1,0,0,0,0,0,0,0,0,0,0,0,0,0,0,0,0,0,0,0,0
57.2.a.a:57:2:a:a:1:2:1:[]:0,1,1,1,1,0,1,1,0,0,0,0,0,1,1,0,0,1,0,0,1,0,0,0,0
57.2.a.b:57:2:a:b:1:2:2:[]:0,1,1,1,1,0,1,1,0,0,0,0,0,1,1,0,0,1,0,0,1,0,0,0,0
57.2.a.c:57:2:a:c:1:2:1:[]:1,1,0,0,0,0,0,1,0,0,0,0,0,0,0,0,0,0,0,0,0,0,0,0,0
57.2.d.a:57:2:d:a:4:2:3:[[20,1],[40,1]]:0,1,1,1,1,0,1,1,0,0,0,0,0,1,1,0,0,1,0,0,1,0,0,0,0
59.2.a.a:59:2:a:a:5:2:1:[]:1,1,1,1,0,0,0,1,0,1,0,0,1,0,0,1,1,0,0,0,0,1,0,0,0
61.2.a.a:61:2:a:a:1:2:1:[]:1,0,1,1,1,1,0,0,1,0,0,0,1,0,0,0,1,1,1,0,1,1,0,0,0
61.2.a.b:61:2:a:b:3:2:2:[]:1,0,1,1,1,1,0,0,1,0,0,0,1,0,0,0,1,1,1,0,1,1,0,0,0
61.2.b.a:61:2:b:a:4:2:3:[[2,1]]:1,0,1,1,1,1,0,0,1,0,0,0,1,0,0,0,1,1,1,0,1,1,0,0,0
63.2.a.a:63:2:a:a:1:2:1:[]:1,0,0,1,0,0,0,0,0,0,0,0,0,0,0,0,0,0,0,0,0,0,0,0,0
63.2.a.b:63:2:a:b:2:2:2:[]:1,0,0,1,0,0,0,0,0,0,0,0,0,0,0,0,0,0,0,0,0,0,0,0,0
63.2.c.a:63:2:c:a:4:2:3:[[10,1],[29,1]]:1,0,0,1,0,0,0,0,0,0,0,0,0,0,0,0,0,0,0,0,0,0,0,0,0
65.2.a.a:65:2:a:a:1:2:1:[]:1,0,1,0,0,1,0,0,0,0,0,0,0,0,0,0,0,0,0,0,0,0,0,0,0
65.2.a.b:65:2:a:b:2:2:2:[]:1,0,1,0,0,1,0,0,0,0,0,0,0,0,0,0,0,0,0,0,0,0,0,0,0
65.2.a.c:65:2:a:c:2:2:3:[]:1,0,1,0,0,1,0,0,0,0,0,0,0,0,0,0,0,0,0,0,0,0,0,0,0
65.2.b.a:65:2:b:a:6:2:4:[[27,1],[41,1]]:1,0,1,0,0,1,0,0,0,0,0,0,0,0,0,0,0,0,0,0,0,0,0,0,0
65.2.c.a:65:2:c:a:6:2:5:[[27,1],[41,1]]:1,0,1,0,0,1,0,0,0,0,0,0,0,0,0,0,0,0,0,0,0,0,0,0,0
65.2.d.a:65:2:d:a:2:2:6:[[27,1],[41,1]]:1,0,1,0,0,1,0,0,0,0,0,0,0,0,0,0,0,0,0,0,0,0,0,0,0
65.2.d.b:65:2:d:b:2:2:7:[[27,1],[41,1]]:1,0,1,0,0,1,0,0,0,0,0,0,0,0,0,0,0,0,0,0,0,0,0,0,0
65.2.f.a:65:2:f:a:2:2:8:[[27,1],[41,1]]:1,0,1,0,0,1,0,0,0,0,0,0,0,0,0,0,0,0,0,0,0,0,0,0,0
65.2.f.b:65:2:f:b:8:2:9:[[27,1],[41,1]]:1,0,1,0,0,1,0,0,0,0,0,0,0,0,0,0,0,0,0,0,0,0,0,0,0
65.2.k.a:65:2:k:a:2:2:10:[[27,1],[41,1]]:1,0,1,0,0,1,0,0,0,0,0,0,0,0,0,0,0,0,0,0,0,0,0,0,0
65.2.k.b:65:2:k:b:8:2:11:[[27,1],[41,1]]:1,0,1,0,0,1,0,0,0,0,0,0,0,0,0,0,0,0,0,0,0,0,0,0,0
67.2.a.a:67:2:a:a:1:2:1:[]:0,0,0,0,0,0,1,1,1,1,0,1,0,0,1,0,1,0,1,0,1,0,0,1,0
69.2.a.a:69:2:a:a:1:2:1:[]:1,1,0,0,0,0,0,0,1,0,0,0,0,0,0,0,0,0,0,0,0,0,0,0,0
69.2.c.a:69:2:c:a:6:2:2:[[28,1],[47,1]]:1,1,0,0,0,0,0,0,1,0,0,0,0,0,0,0,0,0,0,0,0,0,0,0,0
73.2.a.a:73:2:a:a:1:2:1:[]:1,0,0,0,0,0,0,0,0,0,0,0,0,0,0,0,0,0,0,0,1,0,0,0,0
73.2.d.a:73:2:d:a:2:2:2:[[5,1]]:1,0,0,0,0,0,0,0,0,0,0,0,0,0,0,0,0,0,0,0,1,0,0,0,0
75.2.a.a:75:2:a:a:1:2:1:[]:0,1,0,1,0,1,0,1,0,0,1,0,0,1,0,0,0,1,1,0,0,0,0,0,1
75.2.a.b:75:2:a:b:1:2:1:[]:1,1,0,0,0,0,0,0,0,0,0,0,0,0,0,0,0,0,0,0,0,0,0,0,0
75.2.a.c:75:2:a:c:1:2:2:[]:0,1,0,1,0,1,0,1,0,0,1,0,0,1,0,0,0,1,1,0,0,0,0,0,1
75.2.b.a:75:2:b:a:2:2:3:[[26,1],[52,1]]:0,1,0,1,0,1,0,1,0,0,1,0,0,1,0,0,0,1,1,0,0,0,0,0,1
75.2.b.b:75:2:b:b:2:2:2:[[26,1],[52,1]]:1,1,0,0,0,0,0,0,0,0,0,0,0,0,0,0,0,0,0,0,0,0,0,0,0
75.2.e.a:75:2:e:a:4:2:3:[[26,1],[52,1]]:1,1,0,0,0,0,0,0,0,0,0,0,0,0,0,0,0,0,0,0,0,0,0,0,0
75.2.e.b:75:2:e:b:4:2:4:[[26,1],[52,1]]:0,1,0,1,0,1,0,1,0,0,1,0,0,1,0,0,0,1,1,0,0,0,0,0,1
77.2.a.a:77:2:a:a:1:2:1:[]:0,1,1,1,1,0,0,0,1,0,1,1,0,0,0,0,1,0,1,1,0,0,0,1,1
77.2.a.b:77:2:a:b:1:2:2:[]:0,1,1,1,1,0,0,0,1,0,1,1,0,0,0,0,1,0,1,1,0,0,0,1,1
77.2.a.c:77:2:a:c:1:2:1:[]:1,0,0,1,1,0,0,0,0,0,0,0,0,0,0,0,0,0,0,0,0,0,0,0,0
77.2.b.a:77:2:b:a:2:2:2:[[45,1],[57,1]]:1,0,0,1,1,0,0,0,0,0,0,0,0,0,0,0,0,0,0,0,0,0,0,0,0
77.2.b.b:77:2:b:b:4:2:3:[[45,1],[57,1]]:0,1,1,1,1,0,0,0,1,0,1,1,0,0,0,0,1,0,1,1,0,0,0,1,1
79.2.a.a:79:2:a:a:1:2:1:[]:1,1,1,1,0,1,0,0,0,0,0,0,0,0,1,0,1,0,0,1,0,1,0,1,1
79.2.a.b:79:2:a:b:5:2:2:[]:1,1,1,1,0,1,0,0,0,0,0,0,0,0,1,0,1,0,0,1,0,1,0,1,1
81.2.a.a:81:2:a:a:2:2:1:[]:1,0,1,0,0,1,1,0,0,1,0,1,0,0,0,0,0,1,0,0,1,0,0,1,0
83.2.a.a:83:2:a:a:1:2:1:[]:1,1,0,1,1,0,1,0,0,1,1,1,0,0,0,0,1,1,0,0,0,0,1,0,0
83.2.a.b:83:2:a:b:6:2:2:[]:1,1,0,1,1,0,1,0,0,1,1,1,0,0,0,0,1,1,0,0,0,0,1,0,0
85.2.a.a:85:2:a:a:1:2:1:[]:1,0,1,0,0,0,1,0,0,0,0,0,0,0,0,0,0,0,0,0,0,0,0,0,0
85.2.a.b:85:2:a:b:2:2:2:[]:1,0,1,0,0,0,1,0,0,0,0,0,0,0,0,0,0,0,0,0,0,0,0,0,0
85.2.a.c:85:2:a:c:2:2:3:[]:1,0,1,0,0,0,1,0,0,0,0,0,0,0,0,0,0,0,0,0,0,0,0,0,0
85.2.b.a:85:2:b:a:8:2:4:[[52,1],[71,1]]:1,0,1,0,0,0,1,0,0,0,0,0,0,0,0,0,0,0,0,0,0,0,0,0,0
85.2.c.a:85:2:c:a:8:2:5:[[52,1],[71,1]]:1,0,1,0,0,0,1,0,0,0,0,0,0,0,0,0,0,0,0,0,0,0,0,0,0
85.2.d.a:85:2:d:a:6:2:6:[[52,1],[71,1]]:1,0,1,0,0,0,1,0,0,0,0,0,0,0,0,0,0,0,0,0,0,0,0,0,0
85.2.e.a:85:2:e:a:12:2:7:[[52,1],[71,1]]:1,0,1,0,0,0,1,0,0,0,0,0,0,0,0,0,0,0,0,0,0,0,0,0,0
85.2.j.a:85:2:j:a:2:2:8:[[52,1],[71,1]]:1,0,1,0,0,0,1,0,0,0,0,0,0,0,0,0,0,0,0,0,0,0,0,0,0
85.2.j.b:85:2:j:b:2:2:9:[[52,1],[71,1]]:1,0,1,0,0,0,1,0,0,0,0,0,0,0,0,0,0,0,0,0,0,0,0,0,0
85.2.j.c:85:2:j:c:12:2:10:[[52,1],[71,1]]:1,0,1,0,0,0,1,0,0,0,0,0,0,0,0,0,0,0,0,0,0,0,0,0,0
87.2.a.b:87:2:a:b:3:2:1:[]:1,1,0,0,0,0,0,0,0,1,0,0,0,0,0,0,0,0,0,0,0,0,0,0,0
89.2.a.a:89:2:a:a:1:2:1:[]:1,1,1,0,0,0,1,1,1,0,1,0,0,1,0,1,0,0,0,0,1,0,0,1,1
89.2.a.b:89:2:a:b:1:2:1:[]:1,0,0,0,0,0,0,0,0,0,0,0,0,0,0,0,0,0,0,0,0,0,0,1,0
89.2.a.c:89:2:a:c:5:2:2:[]:1,1,1,0,0,0,1,1,1,0,1,0,0,1,0,1,0,0,0,0,1,0,0,1,1
89.2.b.a:89:2:b:a:6:2:3:[[3,1]]:1,1,1,0,0,0,1,1,1,0,1,0,0,1,0,1,0,0,0,0,1,0,0,1,1
89.2.c.a:89:2:c:a:14:2:4:[[3,1]]:1,1,1,0,0,0,1,1,1,0,1,0,0,1,0,1,0,0,0,0,1,0,0,1,1
89.2.c.a:89:2:c:a:14:2:5:[[3,1]]:1,1,1,0,0,0,1,1,1,0,1,0,0,1,0,1,0,0,0,0,1,0,0,1,1
91.2.a.a:91:2:a:a:1:2:1:[]:0,0,1,1,0,1,0,1,1,1,1,0,0,1,1,1,0,0,0,0,1,1,1,1,1
91.2.a.b:91:2:a:b:1:2:2:[]:0,0,1,1,0,1,0,1,1,1,1,0,0,1,1,1,0,0,0,0,1,1,1,1,1
91.2.a.c:91:2:a:c:2:2:3:[]:0,0,1,1,0,1,0,1,1,1,1,0,0,1,1,1,0,0,0,0,1,1,1,1,1
91.2.a.d:91:2:a:d:3:2:4:[]:0,0,1,1,0,1,0,1,1,1,1,0,0,1,1,1,0,0,0,0,1,1,1,1,1
91.2.a.d:91:2:a:d:3:2:5:[]:0,0,1,1,0,1,0,1,1,1,1,0,0,1,1,1,0,0,0,0,1,1,1,1,1
91.2.c.a:91:2:c:a:6:2:6:[[15,1],[66,1]]:0,0,1,1,0,1,0,1,1,1,1,0,0,1,1,1,0,0,0,0,1,1,1,1,1
91.2.i.a:91:2:i:a:12:2:7:[[15,1],[66,1]]:0,0,1,1,0,1,0,1,1,1,1,0,0,1,1,1,0,0,0,0,1,1,1,1,1
93.2.a.b:93:2:a:b:3:2:1:[]:1,1,0,0,0,0,0,0,0,0,1,0,0,0,0,0,0,0,0,0,0,0,0,0,0
95.2.a.a:95:2:a:a:3:2:1:[]:1,0,1,0,0,0,0,1,0,0,0,0,0,0,0,0,0,0,0,0,0,0,0,0,0
95.2.a.b:95:2:a:b:4:2:2:[]:1,0,1,0,0,0,0,1,0,0,0,0,0,0,0,0,0,0,0,0,0,0,0,0,0
95.2.b.a:95:2:b:a:2:2:3:[[21,1],[77,1]]:1,0,1,0,0,0,0,1,0,0,0,0,0,0,0,0,0,0,0,0,0,0,0,0,0
95.2.b.b:95:2:b:b:6:2:4:[[21,1],[77,1]]:1,0,1,0,0,0,0,1,0,0,0,0,0,0,0,0,0,0,0,0,0,0,0,0,0
95.2.g.b:95:2:g:b:12:2:5:[[21,1],[77,1]]:1,0,1,0,0,0,0,1,0,0,0,0,0,0,0,0,0,0,0,0,0,0,0,0,0
97.2.a.b:97:2:a:b:4:2:1:[]:1,0,0,0,0,0,0,0,0,0,0,0,0,0,0,0,0,0,0,0,0,0,0,0,1
99.2.a.a:99:2:a:a:1:2:1:[]:1,0,0,0,1,0,0,0,0,0,0,0,0,0,0,0,0,0,0,0,0,0,0,0,0
99.2.a.b:99:2:a:b:1:2:2:[]:1,0,0,0,1,0,0,0,0,0,0,0,0,0,0,0,0,0,0,0,0,0,0,0,0
99.2.a.c:99:2:a:c:1:2:3:[]:1,0,0,0,1,0,0,0,0,0,0,0,0,0,0,0,0,0,0,0,0,0,0,0,0
99.2.a.d:99:2:a:d:1:2:1:[]:0,0,1,0,1,0,0,0,1,0,1,1,0,0,0,0,1,0,1,1,0,0,0,1,1
99.2.d.a:99:2:d:a:4:2:4:[[46,1],[56,1]]:1,0,0,0,1,0,0,0,0,0,0,0,0,0,0,0,0,0,0,0,0,0,0,0,0
7.3.b.a:7:3:b:a:1:2:4:[[3,1]]:1,0,0,1,0,0,0,0,0,0,0,0,0,0,0,0,0,0,0,0,0,0,0,0,0
11.3.b.a:11:3:b:a:1:2:2:[[2,1]]:0,1,1,0,1,0,0,0,1,0,1,1,0,0,0,0,1,0,1,1,0,0,0,1,1
13.3.d.a:13:3:d:a:4:2:1:[[2,1]]:1,1,1,1,0,1,1,0,0,0,0,1,0,1,1,0,0,0,0,1,0,0,0,0,0
15.3.c.a:15:3:c:a:2:2:2:[[7,1],[11,1]]:1,1,1,0,0,0,0,0,0,0,0,0,0,0,0,0,0,0,0,0,0,0,0,0,0
15.3.d.a:15:3:d:a:1:2:3:[[7,1],[11,1]]:1,1,1,0,0,0,0,0,0,0,0,0,0,0,0,0,0,0,0,0,0,0,0,0,0
15.3.d.b:15:3:d:b:1:2:4:[[7,1],[11,1]]:1,1,1,0,0,0,0,0,0,0,0,0,0,0,0,0,0,0,0,0,0,0,0,0,0
15.3.f.a:15:3:f:a:4:2:5:[[7,1],[11,1]]:1,1,1,0,0,0,0,0,0,0,0,0,0,0,0,0,0,0,0,0,0,0,0,0,0
17.3.e.a:17:3:e:a:8:2:3:[[3,1]]:1,0,0,0,0,0,1,0,0,0,0,0,0,0,0,0,0,0,0,0,0,0,0,0,0
17.3.e.b:17:3:e:b:8:2:4:[[3,1]]:1,0,0,0,0,0,1,0,0,0,0,0,0,0,0,0,0,0,0,0,0,0,0,0,0
19.3.b.a:19:3:b:a:1:2:2:[[2,1]]:0,0,1,1,1,0,1,1,0,0,0,0,0,1,1,0,0,1,0,0,1,0,0,0,0
19.3.b.b:19:3:b:b:2:2:1:[[2,1]]:1,1,0,1,0,1,1,1,1,1,0,0,0,0,0,1,1,0,1,0,1,0,0,0,0
21.3.b.a:21:3:b:a:4:2:2:[[8,1],[10,1]]:1,1,0,1,0,0,0,0,0,0,0,0,0,0,0,0,0,0,0,0,0,0,0,0,0
23.3.b.a:23:3:b:a:3:2:1:[[5,1]]:1,0,0,0,0,0,0,0,1,0,0,0,0,0,0,0,0,0,0,0,0,0,0,0,0
25.3.c.a:25:3:c:a:4:2:1:[[2,1]]:1,1,0,0,1,0,1,1,0,0,0,0,1,0,0,0,0,0,1,0,1,0,1,1,0
27.3.b.a:27:3:b:a:1:2:2:[[2,1]]:0,0,0,1,0,1,0,1,0,0,0,1,0,0,0,0,0,1,1,0,1,1,0,0,1
27.3.b.b:27:3:b:b:2:2:1:[[2,1]]:1,0,1,1,1,0,0,0,0,0,1,0,0,0,0,1,0,0,0,0,1,0,1,0,1
29.3.c.a:29:3:c:a:8:2:3:[[2,1]]:1,1,1,0,1,1,0,0,0,1,1,0,0,1,1,1,0,0,0,0,0,1,0,0,0
31.3.b.a:31:3:b:a:2:2:1:[[3,1]]:1,0,0,0,0,0,0,0,0,0,1,0,0,0,0,0,0,0,0,0,0,0,0,0,0
31.3.b.b:31:3:b:b:3:2:2:[[3,1]]:1,0,0,0,0,0,0,0,0,0,1,0,0,0,0,0,0,0,0,0,0,0,0,0,0
33.3.b.a:33:3:b:a:2:2:2:[[13,1],[23,1]]:1,1,0,0,1,0,0,0,0,0,0,0,0,0,0,0,0,0,0,0,0,0,0,0,0
33.3.b.b:33:3:b:b:4:2:3:[[13,1],[23,1]]:1,1,0,0,1,0,0,0,0,0,0,0,0,0,0,0,0,0,0,0,0,0,0,0,0
33.3.c.a:33:3:c:a:4:2:4:[[13,1],[23,1]]:1,1,0,0,1,0,0,0,0,0,0,0,0,0,0,0,0,0,0,0,0,0,0,0,0
35.3.c.a:35:3:c:a:1:2:4:[[22,1],[31,1]]:0,1,1,1,1,1,1,0,0,1,0,0,0,0,1,0,0,0,0,0,0,1,0,0,1
35.3.c.b:35:3:c:b:1:2:5:[[22,1],[31,1]]:0,1,1,1,1,1,1,0,0,1,0,0,0,0,1,0,0,0,0,0,0,1,0,0,1
35.3.c.c:35:3:c:c:4:2:3:[[22,1],[31,1]]:1,0,1,1,0,0,0,0,0,0,0,0,0,0,0,0,0,0,0,0,0,0,0,0,0
35.3.d.a:35:3:d:a:2:2:4:[[22,1],[31,1]]:1,0,1,1,0,0,0,0,0,0,0,0,0,0,0,0,0,0,0,0,0,0,0,0,0
35.3.d.b:35:3:d:b:2:2:6:[[22,1],[31,1]]:0,1,1,1,1,1,1,0,0,1,0,0,0,0,1,0,0,0,0,0,0,1,0,0,1
35.3.g.a:35:3:g:a:12:2:5:[[22,1],[31,1]]:1,0,1,1,0,0,0,0,0,0,0,0,0,0,0,0,0,0,0,0,0,0,0,0,0
35.3.g.a:35:3:g:a:12:2:6:[[22,1],[31,1]]:1,0,1,1,0,0,0,0,0,0,0,0,0,0,0,0,0,0,0,0,0,0,0,0,0
37.3.d.a:37:3:d:a:12:2:4:[[2,1]]:0,1,0,1,1,0,0,0,0,0,0,1,1,0,1,1,0,0,0,1,1,0,1,0,0
39.3.c.a:39:3:c:a:8:2:4:[[14,1],[28,1]]:1,1,0,0,0,1,0,0,0,0,0,0,0,0,0,0,0,0,0,0,0,0,0,0,0
39.3.d.a:39:3:d:a:2:2:5:[[14,1],[28,1]]:1,1,0,0,0,1,0,0,0,0,0,0,0,0,0,0,0,0,0,0,0,0,0,0,0
39.3.d.b:39:3:d:b:2:2:6:[[14,1],[28,1]]:1,1,0,0,0,1,0,0,0,0,0,0,0,0,0,0,0,0,0,0,0,0,0,0,0
39.3.g.a:39:3:g:a:8:2:7:[[14,1],[28,1]]:1,1,0,0,0,1,0,0,0,0,0,0,0,0,0,0,0,0,0,0,0,0,0,0,0
41.3.e.a:41:3:e:a:4:2:4:[[6,1]]:1,0,0,0,0,0,0,0,0,0,0,0,1,0,0,0,0,0,0,0,0,0,0,0,0
41.3.e.b:41:3:e:b:20:2:5:[[6,1]]:1,0,0,0,0,0,0,0,0,0,0,0,1,0,0,0,0,0,0,0,0,0,0,0,0
43.3.b.a:43:3:b:a:1:2:3:[[3,1]]:0,0,0,0,1,1,1,0,1,0,1,0,1,1,0,1,0,0,1,0,0,0,1,0,1
43.3.b.b:43:3:b:b:6:2:4:[[3,1]]:0,0,0,0,1,1,1,0,1,0,1,0,1,1,0,1,0,0,1,0,0,0,1,0,1
45.3.c.a:45:3:c:a:4:2:4:[[11,1],[37,1]]:1,0,1,0,0,0,0,0,0,0,0,0,0,0,0,0,0,0,0,0,0,0,0,0,0
45.3.d.a:45:3:d:a:4:2:5:[[11,1],[37,1]]:1,0,1,0,0,0,0,0,0,0,0,0,0,0,0,0,0,0,0,0,0,0,0,0,0
45.3.g.a:45:3:g:a:4:2:6:[[11,1],[37,1]]:1,0,1,0,0,0,0,0,0,0,0,0,0,0,0,0,0,0,0,0,0,0,0,0,0
45.3.g.b:45:3:g:b:4:2:7:[[11,1],[37,1]]:1,0,1,0,0,0,0,0,0,0,0,0,0,0,0,0,0,0,0,0,0,0,0,0,0
47.3.b.a:47:3:b:a:2:2:1:[[5,1]]:1,0,0,0,0,0,0,0,0,0,0,0,0,0,1,0,0,0,0,0,0,0,0,0,0
47.3.b.b:47:3:b:b:5:2:2:[[5,1]]:1,0,0,0,0,0,0,0,0,0,0,0,0,0,1,0,0,0,0,0,0,0,0,0,0
49.3.b.a:49:3:b:a:4:2:2:[[3,1]]:1,0,0,0,0,0,0,0,0,0,0,0,0,0,0,0,0,0,0,0,0,0,0,0,0
51.3.b.a:51:3:b:a:10:2:6:[[35,1],[37,1]]:1,1,0,0,0,0,1,0,0,0,0,0,0,0,0,0,0,0,0,0,0,0,0,0,0
51.3.b.a:51:3:b:a:10:2:7:[[35,1],[37,1]]:1,1,0,0,0,0,1,0,0,0,0,0,0,0,0,0,0,0,0,0,0,0,0,0,0
51.3.c.a:51:3:c:a:1:2:4:[[35,1],[37,1]]:0,1,1,0,1,1,1,1,1,0,0,0,1,1,0,0,0,0,0,0,0,0,0,0,0
51.3.c.b:51:3:c:b:1:2:5:[[35,1],[37,1]]:0,1,1,0,1,1,1,1,1,0,0,0,1,1,0,0,0,0,0,0,0,0,0,0,0
51.3.c.c:51:3:c:c:8:2:8:[[35,1],[37,1]]:1,1,0,0,0,0,1,0,0,0,0,0,0,0,0,0,0,0,0,0,0,0,0,0,0
51.3.f.a:51:3:f:a:20:2:9:[[35,1],[37,1]]:1,1,0,0,0,0,1,0,0,0,0,0,0,0,0,0,0,0,0,0,0,0,0,0,0
51.3.f.a:51:3:f:a:20:2:10:[[35,1],[37,1]]:1,1,0,0,0,0,1,0,0,0,0,0,0,0,0,0,0,0,0,0,0,0,0,0,0
51.3.g.a:51:3:g:a:4:2:11:[[35,1],[37,1]]:1,1,0,0,0,0,1,0,0,0,0,0,0,0,0,0,0,0,0,0,0,0,0,0,0
51.3.g.b:51:3:g:b:4:2:12:[[35,1],[37,1]]:1,1,0,0,0,0,1,0,0,0,0,0,0,0,0,0,0,0,0,0,0,0,0,0,0
53.3.c.a:53:3:c:a:16:2:4:[[2,1]]:1,1,0,0,0,1,1,1,1,1,0,1,0,0,0,1,0,0,0,1,0,1,1,0,1
53.3.c.a:53:3:c:a:16:2:5:[[2,1]]:1,1,0,0,0,1,1,1,1,1,0,1,0,0,0,1,0,0,0,1,0,1,1,0,1
55.3.c.a:55:3:c:a:8:2:5:[[12,1],[46,1]]:1,0,1,0,1,0,0,0,0,0,0,0,0,0,0,0,0,0,0,0,0,0,0,0,0
55.3.c.a:55:3:c:a:8:2:6:[[12,1],[46,1]]:1,0,1,0,1,0,0,0,0,0,0,0,0,0,0,0,0,0,0,0,0,0,0,0,0
55.3.d.c:55:3:d:c:2:2:7:[[12,1],[46,1]]:1,0,1,0,1,0,0,0,0,0,0,0,0,0,0,0,0,0,0,0,0,0,0,0,0
55.3.d.d:55:3:d:d:4:2:1:[[12,1],[46,1]]:1,1,1,1,1,0,1,1,0,1,1,1,0,0,0,1,0,1,0,1,0,0,0,1,0
55.3.f.a:55:3:f:a:20:2:2:[[12,1],[46,1]]:1,1,1,1,1,0,1,1,0,1,1,1,0,0,0,1,0,1,0,1,0,0,0,1,0
55.3.f.a:55:3:f:a:20:2:3:[[12,1],[46,1]]:1,1,1,1,1,0,1,1,0,1,1,1,0,0,0,1,0,1,0,1,0,0,0,1,0
57.3.b.a:57:3:b:a:12:2:2:[[20,1],[40,1]]:1,1,0,0,0,0,0,1,0,0,0,0,0,0,0,0,0,0,0,0,0,0,0,0,0
57.3.b.a:57:3:b:a:12:2:3:[[20,1],[40,1]]:1,1,0,0,0,0,0,1,0,0,0,0,0,0,0,0,0,0,0,0,0,0,0,0,0
57.3.c.b:57:3:c:b:4:2:4:[[20,1],[40,1]]:1,1,0,0,0,0,0,1,0,0,0,0,0,0,0,0,0,0,0,0,0,0,0,0,0
57.3.c.b:57:3:c:b:4:2:5:[[20,1],[40,1]]:1,1,0,0,0,0,0,1,0,0,0,0,0,0,0,0,0,0,0,0,0,0,0,0,0
59.3.b.b:59:3:b:b:6:2:2:[[2,1]]:1,1,1,1,0,0,0,1,0,1,0,0,1,0,0,1,1,0,0,0,0,1,0,0,0
59.3.b.b:59:3:b:b:6:2:3:[[2,1]]:1,1,1,1,0,0,0,1,0,1,0,0,1,0,0,1,1,0,0,0,0,1,0,0,0
61.3.d.a:61:3:d:a:20:2:4:[[2,1]]:1,0,1,1,1,1,0,0,1,0,0,0,1,0,0,0,1,1,1,0,1,1,0,0,0
63.3.b.a:63:3:b:a:4:2:5:[[10,1],[29,1]]:1,0,0,1,0,0,0,0,0,0,0,0,0,0,0,0,0,0,0,0,0,0,0,0,0
63.3.d.a:63:3:d:a:1:2:6:[[10,1],[29,1]]:1,0,0,1,0,0,0,0,0,0,0,0,0,0,0,0,0,0,0,0,0,0,0,0,0
63.3.d.c:63:3:d:c:2:2:7:[[10,1],[29,1]]:1,0,0,1,0,0,0,0,0,0,0,0,0,0,0,0,0,0,0,0,0,0,0,0,0
65.3.j.a:65:3:j:a:16:2:12:[[27,1],[41,1]]:1,0,1,0,0,1,0,0,0,0,0,0,0,0,0,0,0,0,0,0,0,0,0,0,0
67.3.b.a:67:3:b:a:1:2:2:[[2,1]]:0,0,0,0,0,0,1,1,1,1,0,1,0,0,1,0,1,0,1,0,1,0,0,1,0
69.3.b.a:69:3:b:a:14:2:3:[[28,1],[47,1]]:1,1,0,0,0,0,0,0,1,0,0,0,0,0,0,0,0,0,0,0,0,0,0,0,0
69.3.d.a:69:3:d:a:8:2:4:[[28,1],[47,1]]:1,1,0,0,0,0,0,0,1,0,0,0,0,0,0,0,0,0,0,0,0,0,0,0,0
71.3.b.a:71:3:b:a:4:2:1:[[7,1]]:1,1,0,1,0,1,0,1,1,0,1,0,0,1,1,0,0,0,0,1,1,0,0,1,0
71.3.b.b:71:3:b:b:7:2:1:[[7,1]]:1,0,0,0,0,0,0,0,0,0,0,0,0,0,0,0,0,0,0,1,0,0,0,0,0
75.3.c.a:75:3:c:a:1:2:5:[[26,1],[52,1]]:0,1,0,1,0,1,0,1,0,0,1,0,0,1,0,0,0,1,1,0,0,0,0,0,1
75.3.c.b:75:3:c:b:1:2:6:[[26,1],[52,1]]:0,1,0,1,0,1,0,1,0,0,1,0,0,1,0,0,0,1,1,0,0,0,0,0,1
75.3.c.d:75:3:c:d:2:2:4:[[26,1],[52,1]]:1,1,0,0,0,0,0,0,0,0,0,0,0,0,0,0,0,0,0,0,0,0,0,0,0
75.3.c.e:75:3:c:e:2:2:5:[[26,1],[52,1]]:1,1,0,0,0,0,0,0,0,0,0,0,0,0,0,0,0,0,0,0,0,0,0,0,0
75.3.d.a:75:3:d:a:2:2:7:[[26,1],[52,1]]:0,1,0,1,0,1,0,1,0,0,1,0,0,1,0,0,0,1,1,0,0,0,0,0,1
75.3.d.b:75:3:d:b:4:2:6:[[26,1],[52,1]]:1,1,0,0,0,0,0,0,0,0,0,0,0,0,0,0,0,0,0,0,0,0,0,0,0
75.3.f.a:75:3:f:a:4:2:7:[[26,1],[52,1]]:1,1,0,0,0,0,0,0,0,0,0,0,0,0,0,0,0,0,0,0,0,0,0,0,0
75.3.f.b:75:3:f:b:4:2:8:[[26,1],[52,1]]:0,1,0,1,0,1,0,1,0,0,1,0,0,1,0,0,0,1,1,0,0,0,0,0,1
75.3.f.c:75:3:f:c:4:2:8:[[26,1],[52,1]]:1,1,0,0,0,0,0,0,0,0,0,0,0,0,0,0,0,0,0,0,0,0,0,0,0
77.3.c.a:77:3:c:a:2:2:3:[[45,1],[57,1]]:1,0,0,1,1,0,0,0,0,0,0,0,0,0,0,0,0,0,0,0,0,0,0,0,0
77.3.c.b:77:3:c:b:10:2:4:[[45,1],[57,1]]:1,0,0,1,1,0,0,0,0,0,0,0,0,0,0,0,0,0,0,0,0,0,0,0,0
77.3.c.b:77:3:c:b:10:2:5:[[45,1],[57,1]]:1,0,0,1,1,0,0,0,0,0,0,0,0,0,0,0,0,0,0,0,0,0,0,0,0
77.3.d.a:77:3:d:a:12:2:6:[[45,1],[57,1]]:1,0,0,1,1,0,0,0,0,0,0,0,0,0,0,0,0,0,0,0,0,0,0,0,0
77.3.d.a:77:3:d:a:12:2:7:[[45,1],[57,1]]:1,0,0,1,1,0,0,0,0,0,0,0,0,0,0,0,0,0,0,0,0,0,0,0,0
79.3.b.a:79:3:b:a:5:2:1:[[3,1]]:1,0,0,0,0,0,0,0,0,0,0,0,0,0,0,0,0,0,0,0,0,1,0,0,0
79.3.b.b:79:3:b:b:8:2:3:[[3,1]]:1,1,1,1,0,1,0,0,0,0,0,0,0,0,1,0,1,0,0,1,0,1,0,1,1
79.3.b.b:79:3:b:b:8:2:4:[[3,1]]:1,1,1,1,0,1,0,0,0,0,0,0,0,0,1,0,1,0,0,1,0,1,0,1,1
81.3.b.b:81:3:b:b:4:2:2:[[2,1]]:1,0,1,0,0,1,1,0,0,1,0,1,0,0,0,0,0,1,0,0,1,0,0,1,0
83.3.b.b:83:3:b:b:10:2:3:[[2,1]]:1,1,0,1,1,0,1,0,0,1,1,1,0,0,0,0,1,1,0,0,0,0,1,0,0
85.3.g.a:85:3:g:a:16:2:1:[[52,1],[71,1]]:1,1,1,0,0,1,1,1,0,1,1,0,0,0,1,1,1,1,0,1,1,0,0,1,1
85.3.g.a:85:3:g:a:16:2:2:[[52,1],[71,1]]:1,1,1,0,0,1,1,1,0,1,1,0,0,0,1,1,1,1,0,1,1,0,0,1,1
85.3.g.b:85:3:g:b:16:2:11:[[52,1],[71,1]]:1,0,1,0,0,0,1,0,0,0,0,0,0,0,0,0,0,0,0,0,0,0,0,0,0
87.3.b.a:87:3:b:a:18:2:2:[[31,1],[59,1]]:1,1,0,0,0,0,0,0,0,1,0,0,0,0,0,0,0,0,0,0,0,0,0,0,0
87.3.b.a:87:3:b:a:18:2:3:[[31,1],[59,1]]:1,1,0,0,0,0,0,0,0,1,0,0,0,0,0,0,0,0,0,0,0,0,0,0,0
87.3.d.a:87:3:d:a:3:2:4:[[31,1],[59,1]]:1,1,0,0,0,0,0,0,0,1,0,0,0,0,0,0,0,0,0,0,0,0,0,0,0
87.3.d.b:87:3:d:b:3:2:5:[[31,1],[59,1]]:1,1,0,0,0,0,0,0,0,1,0,0,0,0,0,0,0,0,0,0,0,0,0,0,0
87.3.d.c:87:3:d:c:12:2:1:[[31,1],[59,1]]:1,1,1,1,0,0,1,1,0,1,0,1,1,1,1,0,1,0,0,0,0,0,0,0,0
87.3.e.a:87:3:e:a:8:2:2:[[31,1],[59,1]]:1,1,1,1,0,0,1,1,0,1,0,1,1,1,1,0,1,0,0,0,0,0,0,0,0
87.3.e.a:87:3:e:a:8:2:3:[[31,1],[59,1]]:1,1,1,1,0,0,1,1,0,1,0,1,1,1,1,0,1,0,0,0,0,0,0,0,0
87.3.e.b:87:3:e:b:12:2:4:[[31,1],[59,1]]:1,1,1,1,0,0,1,1,0,1,0,1,1,1,1,0,1,0,0,0,0,0,0,0,0
91.3.b.a:91:3:b:a:1:2:8:[[15,1],[66,1]]:0,0,1,1,0,1,0,1,1,1,1,0,0,1,1,1,0,0,0,0,1,1,1,1,1
91.3.b.b:91:3:b:b:1:2:9:[[15,1],[66,1]]:0,0,1,1,0,1,0,1,1,1,1,0,0,1,1,1,0,0,0,0,1,1,1,1,1
91.3.b.c:91:3:b:c:4:2:1:[[15,1],[66,1]]:1,0,0,1,0,1,0,0,0,0,0,0,0,0,0,0,0,0,0,0,0,0,0,0,0
91.3.b.d:91:3:b:d:6:2:1:[[15,1],[66,1]]:1,1,0,1,1,1,0,0,1,0,1,1,1,0,1,0,0,1,1,0,1,1,0,0,1
91.3.b.d:91:3:b:d:6:2:2:[[15,1],[66,1]]:1,1,0,1,1,1,0,0,1,0,1,1,1,0,1,0,0,1,1,0,1,1,0,0,1
91.3.b.e:91:3:b:e:6:2:3:[[15,1],[66,1]]:1,1,0,1,1,1,0,0,1,0,1,1,1,0,1,0,0,1,1,0,1,1,0,0,1
91.3.b.e:91:3:b:e:6:2:4:[[15,1],[66,1]]:1,1,0,1,1,1,0,0,1,0,1,1,1,0,1,0,0,1,1,0,1,1,0,0,1
91.3.d.a:91:3:d:a:16:2:5:[[15,1],[66,1]]:1,1,0,1,1,1,0,0,1,0,1,1,1,0,1,0,0,1,1,0,1,1,0,0,1
91.3.d.a:91:3:d:a:16:2:6:[[15,1],[66,1]]:1,1,0,1,1,1,0,0,1,0,1,1,1,0,1,0,0,1,1,0,1,1,0,0,1
91.3.d.a:91:3:d:a:16:2:7:[[15,1],[66,1]]:1,1,0,1,1,1,0,0,1,0,1,1,1,0,1,0,0,1,1,0,1,1,0,0,1
93.3.b.a:93:3:b:a:20:2:2:[[32,1],[34,1]]:1,1,0,0,0,0,0,0,0,0,1,0,0,0,0,0,0,0,0,0,0,0,0,0,0
93.3.b.a:93:3:b:a:20:2:3:[[32,1],[34,1]]:1,1,0,0,0,0,0,0,0,0,1,0,0,0,0,0,0,0,0,0,0,0,0,0,0
93.3.d.b:93:3:d:b:8:2:1:[[32,1],[34,1]]:1,1,1,0,1,1,1,1,0,0,1,0,0,0,1,0,0,1,1,1,0,1,1,0,1
95.3.c.a:95:3:c:a:12:2:6:[[21,1],[77,1]]:1,0,1,0,0,0,0,1,0,0,0,0,0,0,0,0,0,0,0,0,0,0,0,0,0
95.3.c.a:95:3:c:a:12:2:7:[[21,1],[77,1]]:1,0,1,0,0,0,0,1,0,0,0,0,0,0,0,0,0,0,0,0,0,0,0,0,0
95.3.d.b:95:3:d:b:4:2:8:[[21,1],[77,1]]:1,0,1,0,0,0,0,1,0,0,0,0,0,0,0,0,0,0,0,0,0,0,0,0,0
95.3.d.c:95:3:d:c:4:2:9:[[21,1],[77,1]]:1,0,1,0,0,0,0,1,0,0,0,0,0,0,0,0,0,0,0,0,0,0,0,0,0
95.3.d.d:95:3:d:d:8:2:1:[[21,1],[77,1]]:1,1,1,1,0,1,1,1,1,1,0,0,0,0,0,1,1,0,1,0,1,0,0,0,0
99.3.b.a:99:3:b:a:8:2:5:[[46,1],[56,1]]:1,0,0,0,1,0,0,0,0,0,0,0,0,0,0,0,0,0,0,0,0,0,0,0,0
99.3.c.a:99:3:c:a:1:2:2:[[46,1],[56,1]]:0,0,1,0,1,0,0,0,1,0,1,1,0,0,0,0,1,0,1,1,0,0,0,1,1
99.3.c.b:99:3:c:b:4:2:6:[[46,1],[56,1]]:1,0,0,0,1,0,0,0,0,0,0,0,0,0,0,0,0,0,0,0,0,0,0,0,0
99.3.c.c:99:3:c:c:4:2:7:[[46,1],[56,1]]:1,0,0,0,1,0,0,0,0,0,0,0,0,0,0,0,0,0,0,0,0,0,0,0,0
5.4.a.a:5:4:a:a:1:2:1:[]:0,0,1,0,0,0,0,0,0,0,0,0,0,0,0,0,0,0,0,0,0,0,0,0,0
7.4.a.a:7:4:a:a:1:2:8:[]:1,0,0,1,0,0,0,0,0,0,0,0,0,0,0,0,0,0,0,0,0,0,0,0,0
9.4.a.a:9:4:a:a:1:2:1:[]:0,0,0,0,0,0,0,0,0,0,0,0,0,0,0,0,0,0,0,0,0,0,0,0,0
11.4.a.a:11:4:a:a:2:2:3:[]:0,1,1,0,1,0,0,0,1,0,1,1,0,0,0,0,1,0,1,1,0,0,0,1,1
13.4.a.a:13:4:a:a:1:2:2:[]:1,1,1,1,0,1,1,0,0,0,0,1,0,1,1,0,0,0,0,1,0,0,0,0,0
13.4.a.b:13:4:a:b:2:2:3:[]:1,1,1,1,0,1,1,0,0,0,0,1,0,1,1,0,0,0,0,1,0,0,0,0,0
13.4.a.b:13:4:a:b:2:2:4:[]:1,1,1,1,0,1,1,0,0,0,0,1,0,1,1,0,0,0,0,1,0,0,0,0,0
13.4.b.a:13:4:b:a:2:2:5:[[2,1]]:1,1,1,1,0,1,1,0,0,0,0,1,0,1,1,0,0,0,0,1,0,0,0,0,0
15.4.a.a:15:4:a:a:1:2:6:[]:1,1,1,0,0,0,0,0,0,0,0,0,0,0,0,0,0,0,0,0,0,0,0,0,0
15.4.a.b:15:4:a:b:1:2:7:[]:1,1,1,0,0,0,0,0,0,0,0,0,0,0,0,0,0,0,0,0,0,0,0,0,0
15.4.b.a:15:4:b:a:4:2:8:[[7,1],[11,1]]:1,1,1,0,0,0,0,0,0,0,0,0,0,0,0,0,0,0,0,0,0,0,0,0,0
15.4.b.a:15:4:b:a:4:2:9:[[7,1],[11,1]]:1,1,1,0,0,0,0,0,0,0,0,0,0,0,0,0,0,0,0,0,0,0,0,0,0
15.4.e.a:15:4:e:a:8:2:10:[[7,1],[11,1]]:1,1,1,0,0,0,0,0,0,0,0,0,0,0,0,0,0,0,0,0,0,0,0,0,0
15.4.e.a:15:4:e:a:8:2:11:[[7,1],[11,1]]:1,1,1,0,0,0,0,0,0,0,0,0,0,0,0,0,0,0,0,0,0,0,0,0,0
17.4.a.a:17:4:a:a:1:2:5:[]:1,0,0,0,0,0,1,0,0,0,0,0,0,0,0,0,0,0,0,0,0,0,0,0,0
17.4.a.b:17:4:a:b:3:2:1:[]:0,0,0,0,0,0,1,0,0,0,0,0,0,0,0,0,0,0,0,0,0,0,0,0,0
17.4.a.b:17:4:a:b:3:2:2:[]:0,0,0,0,0,0,1,0,0,0,0,0,0,0,0,0,0,0,0,0,0,0,0,0,0
17.4.b.a:17:4:b:a:4:2:3:[[3,1]]:0,0,0,0,0,0,1,0,0,0,0,0,0,0,0,0,0,0,0,0,0,0,0,0,0
17.4.b.a:17:4:b:a:4:2:4:[[3,1]]:0,0,0,0,0,0,1,0,0,0,0,0,0,0,0,0,0,0,0,0,0,0,0,0,0
17.4.c.a:17:4:c:a:8:2:5:[[3,1]]:0,0,0,0,0,0,1,0,0,0,0,0,0,0,0,0,0,0,0,0,0,0,0,0,0
17.4.c.a:17:4:c:a:8:2:6:[[3,1]]:0,0,0,0,0,0,1,0,0,0,0,0,0,0,0,0,0,0,0,0,0,0,0,0,0
17.4.d.a:17:4:d:a:12:2:6:[[3,1]]:1,0,0,0,0,0,1,0,0,0,0,0,0,0,0,0,0,0,0,0,0,0,0,0,0
17.4.d.a:17:4:d:a:12:2:7:[[3,1]]:1,0,0,0,0,0,1,0,0,0,0,0,0,0,0,0,0,0,0,0,0,0,0,0,0
19.4.a.a:19:4:a:a:1:2:2:[]:1,1,0,1,0,1,1,1,1,1,0,0,0,0,0,1,1,0,1,0,1,0,0,0,0
19.4.a.b:19:4:a:b:3:2:3:[]:0,0,1,1,1,0,1,1,0,0,0,0,0,1,1,0,0,1,0,0,1,0,0,0,0
19.4.a.b:19:4:a:b:3:2:4:[]:0,0,1,1,1,0,1,1,0,0,0,0,0,1,1,0,0,1,0,0,1,0,0,0,0
21.4.a.a:21:4:a:a:1:2:3:[]:1,1,0,1,0,0,0,0,0,0,0,0,0,0,0,0,0,0,0,0,0,0,0,0,0
21.4.a.b:21:4:a:b:1:2:1:[]:0,1,0,1,0,0,0,0,0,0,0,0,0,0,0,0,0,0,0,0,0,0,0,0,0
21.4.a.c:21:4:a:c:2:2:2:[]:0,1,0,1,0,0,0,0,0,0,0,0,0,0,0,0,0,0,0,0,0,0,0,0,0
21.4.a.c:21:4:a:c:2:2:3:[]:0,1,0,1,0,0,0,0,0,0,0,0,0,0,0,0,0,0,0,0,0,0,0,0,0
21.4.c.b:21:4:c:b:4:2:4:[[8,1],[10,1]]:1,1,0,1,0,0,0,0,0,0,0,0,0,0,0,0,0,0,0,0,0,0,0,0,0
23.4.a.a:23:4:a:a:1:2:1:[]:0,1,0,0,0,1,0,0,1,1,1,0,1,0,1,0,0,0,0,1,1,0,0,0,0
23.4.a.b:23:4:a:b:4:2:2:[]:1,0,0,0,0,0,0,0,1,0,0,0,0,0,0,0,0,0,0,0,0,0,0,0,0
23.4.a.b:23:4:a:b:4:2:3:[]:1,0,0,0,0,0,0,0,1,0,0,0,0,0,0,0,0,0,0,0,0,0,0,0,0
25.4.a.a:25:4:a:a:1:2:2:[]:1,1,0,0,1,0,1,1,0,0,0,0,1,0,0,0,0,0,1,0,1,0,1,1,0
25.4.a.b:25:4:a:b:1:2:3:[]:1,1,0,0,1,0,1,1,0,0,0,0,1,0,0,0,0,0,1,0,1,0,1,1,0
25.4.a.c:25:4:a:c:1:2:2:[]:0,0,0,0,0,0,0,0,0,0,0,0,0,0,0,0,0,0,0,0,0,0,0,0,0
25.4.b.a:25:4:b:a:2:2:3:[[2,1]]:0,0,0,0,0,0,0,0,0,0,0,0,0,0,0,0,0,0,0,0,0,0,0,0,0
25.4.b.b:25:4:b:b:2:2:4:[[2,1]]:1,1,0,0,1,0,1,1,0,0,0,0,1,0,0,0,0,0,1,0,1,0,1,1,0
27.4.a.a:27:4:a:a:1:2:2:[]:1,0,1,1,1,0,0,0,0,0,1,0,0,0,0,1,0,0,0,0,1,0,1,0,1
27.4.a.b:27:4:a:b:1:2:3:[]:1,0,1,1,1,0,0,0,0,0,1,0,0,0,0,1,0,0,0,0,1,0,1,0,1
27.4.a.c:27:4:a:c:2:2:3:[]:0,0,0,1,0,1,0,1,0,0,0,1,0,0,0,0,0,1,1,0,1,1,0,0,1
29.4.a.a:29:4:a:a:2:2:4:[]:1,1,1,0,1,1,0,0,0,1,1,0,0,1,1,1,0,0,0,0,0,1,0,0,0
29.4.a.b:29:4:a:b:5:2:1:[]:0,1,1,0,1,1,0,0,0,1,1,0,0,1,1,1,0,0,0,0,0,1,0,0,0
29.4.a.b:29:4:a:b:5:2:2:[]:0,1,1,0,1,1,0,0,0,1,1,0,0,1,1,1,0,0,0,0,0,1,0,0,0
29.4.a.b:29:4:a:b:5:2:3:[]:0,1,1,0,1,1,0,0,0,1,1,0,0,1,1,1,0,0,0,0,0,1,0,0,0
29.4.b.a:29:4:b:a:6:2:5:[[2,1]]:1,1,1,0,1,1,0,0,0,1,1,0,0,1,1,1,0,0,0,0,0,1,0,0,0
29.4.b.a:29:4:b:a:6:2:6:[[2,1]]:1,1,1,0,1,1,0,0,0,1,1,0,0,1,1,1,0,0,0,0,0,1,0,0,0
31.4.a.a:31:4:a:a:2:2:3:[]:1,0,0,0,0,0,0,0,0,0,1,0,0,0,0,0,0,0,0,0,0,0,0,0,0
31.4.a.a:31:4:a:a:2:2:4:[]:1,0,0,0,0,0,0,0,0,0,1,0,0,0,0,0,0,0,0,0,0,0,0,0,0
31.4.a.b:31:4:a:b:5:2:5:[]:1,0,0,0,0,0,0,0,0,0,1,0,0,0,0,0,0,0,0,0,0,0,0,0,0
31.4.a.b:31:4:a:b:5:2:6:[]:1,0,0,0,0,0,0,0,0,0,1,0,0,0,0,0,0,0,0,0,0,0,0,0,0
33.4.a.a:33:4:a:a:1:2:5:[]:1,1,0,0,1,0,0,0,0,0,0,0,0,0,0,0,0,0,0,0,0,0,0,0,0
33.4.a.b:33:4:a:b:1:2:6:[]:1,1,0,0,1,0,0,0,0,0,0,0,0,0,0,0,0,0,0,0,0,0,0,0,0
33.4.a.c:33:4:a:c:2:2:7:[]:1,1,0,0,1,0,0,0,0,0,0,0,0,0,0,0,0,0,0,0,0,0,0,0,0
33.4.a.c:33:4:a:c:2:2:8:[]:1,1,0,0,1,0,0,0,0,0,0,0,0,0,0,0,0,0,0,0,0,0,0,0,0
33.4.a.d:33:4:a:d:2:2:9:[]:1,1,0,0,1,0,0,0,0,0,0,0,0,0,0,0,0,0,0,0,0,0,0,0,0
33.4.a.d:33:4:a:d:2:2:10:[]:1,1,0,0,1,0,0,0,0,0,0,0,0,0,0,0,0,0,0,0,0,0,0,0,0
33.4.d.a:33:4:d:a:2:2:1:[[13,1],[23,1]]:0,1,0,0,1,0,0,0,0,0,0,0,0,0,0,0,0,0,0,0,0,0,0,0,0
33.4.d.b:33:4:d:b:8:2:11:[[13,1],[23,1]]:1,1,0,0,1,0,0,0,0,0,0,0,0,0,0,0,0,0,0,0,0,0,0,0,0
35.4.a.a:35:4:a:a:1:2:7:[]:1,0,1,1,0,0,0,0,0,0,0,0,0,0,0,0,0,0,0,0,0,0,0,0,0
35.4.a.b:35:4:a:b:2:2:7:[]:0,1,1,1,1,1,1,0,0,1,0,0,0,0,1,0,0,0,0,0,0,1,0,0,1
35.4.a.c:35:4:a:c:3:2:8:[]:0,1,1,1,1,1,1,0,0,1,0,0,0,0,1,0,0,0,0,0,0,1,0,0,1
35.4.a.c:35:4:a:c:3:2:9:[]:0,1,1,1,1,1,1,0,0,1,0,0,0,0,1,0,0,0,0,0,0,1,0,0,1
35.4.b.a:35:4:b:a:10:2:10:[[22,1],[31,1]]:0,1,1,1,1,1,1,0,0,1,0,0,0,0,1,0,0,0,0,0,0,1,0,0,1
35.4.b.a:35:4:b:a:10:2:11:[[22,1],[31,1]]:0,1,1,1,1,1,1,0,0,1,0,0,0,0,1,0,0,0,0,0,0,1,0,0,1
35.4.b.a:35:4:b:a:10:2:12:[[22,1],[31,1]]:0,1,1,1,1,1,1,0,0,1,0,0,0,0,1,0,0,0,0,0,0,1,0,0,1
35.4.f.a:35:4:f:a:4:2:1:[[22,1],[31,1]]:0,0,1,1,0,0,0,0,0,0,0,0,0,0,0,0,0,0,0,0,0,0,0,0,0
35.4.f.b:35:4:f:b:16:2:13:[[22,1],[31,1]]:0,1,1,1,1,1,1,0,0,1,0,0,0,0,1,0,0,0,0,0,0,1,0,0,1
35.4.f.b:35:4:f:b:16:2:14:[[22,1],[31,1]]:0,1,1,1,1,1,1,0,0,1,0,0,0,0,1,0,0,0,0,0,0,1,0,0,1
37.4.a.a:37:4:a:a:4:2:5:[]:0,1,0,1,1,0,0,0,0,0,0,1,1,0,1,1,0,0,0,1,1,0,1,0,0
37.4.a.b:37:4:a:b:5:2:6:[]:0,1,0,1,1,0,0,0,0,0,0,1,1,0,1,1,0,0,0,1,1,0,1,0,0
37.4.a.b:37:4:a:b:5:2:7:[]:0,1,0,1,1,0,0,0,0,0,0,1,1,0,1,1,0,0,0,1,1,0,1,0,0
37.4.b.a:37:4:b:a:8:2:8:[[2,1]]:0,1,0,1,1,0,0,0,0,0,0,1,1,0,1,1,0,0,0,1,1,0,1,0,0
39.4.a.a:39:4:a:a:1:2:1:[]:0,1,0,0,0,1,0,0,0,0,0,0,0,0,0,0,0,0,0,0,0,0,0,0,0
39.4.a.b:39:4:a:b:2:2:8:[]:1,1,0,0,0,1,0,0,0,0,0,0,0,0,0,0,0,0,0,0,0,0,0,0,0
39.4.a.c:39:4:a:c:3:2:9:[]:1,1,0,0,0,1,0,0,0,0,0,0,0,0,0,0,0,0,0,0,0,0,0,0,0
39.4.a.c:39:4:a:c:3:2:10:[]:1,1,0,0,0,1,0,0,0,0,0,0,0,0,0,0,0,0,0,0,0,0,0,0,0
39.4.b.a:39:4:b:a:4:2:11:[[14,1],[28,1]]:1,1,0,0,0,1,0,0,0,0,0,0,0,0,0,0,0,0,0,0,0,0,0,0,0
39.4.b.a:39:4:b:a:4:2:12:[[14,1],[28,1]]:1,1,0,0,0,1,0,0,0,0,0,0,0,0,0,0,0,0,0,0,0,0,0,0,0
39.4.b.b:39:4:b:b:4:2:13:[[14,1],[28,1]]:1,1,0,0,0,1,0,0,0,0,0,0,0,0,0,0,0,0,0,0,0,0,0,0,0
39.4.b.b:39:4:b:b:4:2:14:[[14,1],[28,1]]:1,1,0,0,0,1,0,0,0,0,0,0,0,0,0,0,0,0,0,0,0,0,0,0,0
39.4.f.b:39:4:f:b:20:2:15:[[14,1],[28,1]]:1,1,0,0,0,1,0,0,0,0,0,0,0,0,0,0,0,0,0,0,0,0,0,0,0
39.4.f.b:39:4:f:b:20:2:16:[[14,1],[28,1]]:1,1,0,0,0,1,0,0,0,0,0,0,0,0,0,0,0,0,0,0,0,0,0,0,0
41.4.a.a:41:4:a:a:3:2:6:[]:1,0,0,0,0,0,0,0,0,0,0,0,1,0,0,0,0,0,0,0,0,0,0,0,0
41.4.a.b:41:4:a:b:7:2:1:[]:0,0,0,0,0,0,0,0,0,0,0,0,1,0,0,0,0,0,0,0,0,0,0,0,0
41.4.a.b:41:4:a:b:7:2:2:[]:0,0,0,0,0,0,0,0,0,0,0,0,1,0,0,0,0,0,0,0,0,0,0,0,0
41.4.b.a:41:4:b:a:10:2:7:[[6,1]]:1,0,0,0,0,0,0,0,0,0,0,0,1,0,0,0,0,0,0,0,0,0,0,0,0
41.4.b.a:41:4:b:a:10:2:8:[[6,1]]:1,0,0,0,0,0,0,0,0,0,0,0,1,0,0,0,0,0,0,0,0,0,0,0,0
41.4.c.a:41:4:c:a:2:2:9:[[6,1]]:1,0,0,0,0,0,0,0,0,0,0,0,1,0,0,0,0,0,0,0,0,0,0,0,0
41.4.c.b:41:4:c:b:16:2:10:[[6,1]]:1,0,0,0,0,0,0,0,0,0,0,0,1,0,0,0,0,0,0,0,0,0,0,0,0
41.4.c.b:41:4:c:b:16:2:11:[[6,1]]:1,0,0,0,0,0,0,0,0,0,0,0,1,0,0,0,0,0,0,0,0,0,0,0,0
43.4.a.a:43:4:a:a:4:2:5:[]:0,0,0,0,1,1,1,0,1,0,1,0,1,1,0,1,0,0,1,0,0,0,1,0,1
43.4.a.b:43:4:a:b:6:2:6:[]:0,0,0,0,1,1,1,0,1,0,1,0,1,1,0,1,0,0,1,0,0,0,1,0,1
45.4.a.a:45:4:a:a:1:2:8:[]:1,0,1,0,0,0,0,0,0,0,0,0,0,0,0,0,0,0,0,0,0,0,0,0,0
45.4.a.b:45:4:a:b:1:2:9:[]:1,0,1,0,0,0,0,0,0,0,0,0,0,0,0,0,0,0,0,0,0,0,0,0,0
45.4.a.c:45:4:a:c:1:2:10:[]:1,0,1,0,0,0,0,0,0,0,0,0,0,0,0,0,0,0,0,0,0,0,0,0,0
45.4.a.d:45:4:a:d:1:2:2:[]:0,0,1,0,0,0,0,0,0,0,0,0,0,0,0,0,0,0,0,0,0,0,0,0,0
45.4.a.e:45:4:a:e:1:2:11:[]:1,0,1,0,0,0,0,0,0,0,0,0,0,0,0,0,0,0,0,0,0,0,0,0,0
45.4.b.a:45:4:b:a:2:2:12:[[11,1],[37,1]]:1,0,1,0,0,0,0,0,0,0,0,0,0,0,0,0,0,0,0,0,0,0,0,0,0
45.4.b.b:45:4:b:b:4:2:13:[[11,1],[37,1]]:1,0,1,0,0,0,0,0,0,0,0,0,0,0,0,0,0,0,0,0,0,0,0,0,0
45.4.b.b:45:4:b:b:4:2:14:[[11,1],[37,1]]:1,0,1,0,0,0,0,0,0,0,0,0,0,0,0,0,0,0,0,0,0,0,0,0,0
45.4.f.a:45:4:f:a:12:2:15:[[11,1],[37,1]]:1,0,1,0,0,0,0,0,0,0,0,0,0,0,0,0,0,0,0,0,0,0,0,0,0
45.4.f.a:45:4:f:a:12:2:16:[[11,1],[37,1]]:1,0,1,0,0,0,0,0,0,0,0,0,0,0,0,0,0,0,0,0,0,0,0,0,0
47.4.a.a:47:4:a:a:3:2:3:[]:1,0,0,0,0,0,0,0,0,0,0,0,0,0,1,0,0,0,0,0,0,0,0,0,0
47.4.a.b:47:4:a:b:8:2:4:[]:1,0,0,0,0,0,0,0,0,0,0,0,0,0,1,0,0,0,0,0,0,0,0,0,0
49.4.a.a:49:4:a:a:1:2:3:[]:1,0,0,0,0,0,0,0,0,0,0,0,0,0,0,0,0,0,0,0,0,0,0,0,0
49.4.a.b:49:4:a:b:1:2:4:[]:1,0,0,0,0,0,0,0,0,0,0,0,0,0,0,0,0,0,0,0,0,0,0,0,0
49.4.a.c:49:4:a:c:1:2:1:[]:0,1,1,0,1,0,1,1,1,0,1,1,0,0,1,1,1,1,1,0,1,1,0,1,0
49.4.a.d:49:4:a:d:1:2:2:[]:0,1,1,0,1,0,1,1,1,0,1,1,0,0,1,1,1,1,1,0,1,1,0,1,0
49.4.a.e:49:4:a:e:4:2:4:[]:0,0,0,0,0,0,0,0,0,0,0,0,0,0,0,0,0,0,0,0,0,0,0,0,0
49.4.a.e:49:4:a:e:4:2:5:[]:0,0,0,0,0,0,0,0,0,0,0,0,0,0,0,0,0,0,0,0,0,0,0,0,0
51.4.a.a:51:4:a:a:1:2:13:[]:1,1,0,0,0,0,1,0,0,0,0,0,0,0,0,0,0,0,0,0,0,0,0,0,0
51.4.a.b:51:4:a:b:1:2:14:[]:1,1,0,0,0,0,1,0,0,0,0,0,0,0,0,0,0,0,0,0,0,0,0,0,0
51.4.a.c:51:4:a:c:1:2:15:[]:1,1,0,0,0,0,1,0,0,0,0,0,0,0,0,0,0,0,0,0,0,0,0,0,0
51.4.a.d:51:4:a:d:2:2:6:[]:0,1,1,0,1,1,1,1,1,0,0,0,1,1,0,0,0,0,0,0,0,0,0,0,0
51.4.a.e:51:4:a:e:3:2:7:[]:0,1,1,0,1,1,1,1,1,0,0,0,1,1,0,0,0,0,0,0,0,0,0,0,0
51.4.a.e:51:4:a:e:3:2:8:[]:0,1,1,0,1,1,1,1,1,0,0,0,1,1,0,0,0,0,0,0,0,0,0,0,0
51.4.d.a:51:4:d:a:8:2:16:[[35,1],[37,1]]:1,1,0,0,0,0,1,0,0,0,0,0,0,0,0,0,0,0,0,0,0,0,0,0,0
51.4.d.a:51:4:d:a:8:2:17:[[35,1],[37,1]]:1,1,0,0,0,0,1,0,0,0,0,0,0,0,0,0,0,0,0,0,0,0,0,0,0
51.4.e.a:51:4:e:a:16:2:9:[[35,1],[37,1]]:0,1,1,0,1,1,1,1,1,0,0,0,1,1,0,0,0,0,0,0,0,0,0,0,0
51.4.e.a:51:4:e:a:16:2:10:[[35,1],[37,1]]:0,1,1,0,1,1,1,1,1,0,0,0,1,1,0,0,0,0,0,0,0,0,0,0,0
53.4.a.a:53:4:a:a:1:2:1:[]:0,1,0,0,0,1,1,1,1,1,0,1,0,0,0,1,0,0,0,1,0,1,1,0,1
53.4.a.b:53:4:a:b:4:2:6:[]:1,1,0,0,0,1,1,1,1,1,0,1,0,0,0,1,0,0,0,1,0,1,1,0,1
53.4.a.b:53:4:a:b:4:2:7:[]:1,1,0,0,0,1,1,1,1,1,0,1,0,0,0,1,0,0,0,1,0,1,1,0,1
53.4.a.c:53:4:a:c:8:2:8:[]:1,1,0,0,0,1,1,1,1,1,0,1,0,0,0,1,0,0,0,1,0,1,1,0,1
53.4.a.c:53:4:a:c:8:2:9:[]:1,1,0,0,0,1,1,1,1,1,0,1,0,0,0,1,0,0,0,1,0,1,1,0,1
53.4.a.c:53:4:a:c:8:2:10:[]:1,1,0,0,0,1,1,1,1,1,0,1,0,0,0,1,0,0,0,1,0,1,1,0,1
53.4.a.c:53:4:a:c:8:2:11:[]:1,1,0,0,0,1,1,1,1,1,0,1,0,0,0,1,0,0,0,1,0,1,1,0,1
53.4.b.a:53:4:b:a:12:2:12:[[2,1]]:1,1,0,0,0,1,1,1,1,1,0,1,0,0,0,1,0,0,0,1,0,1,1,0,1
53.4.b.a:53:4:b:a:12:2:13:[[2,1]]:1,1,0,0,0,1,1,1,1,1,0,1,0,0,0,1,0,0,0,1,0,1,1,0,1
53.4.b.a:53:4:b:a:12:2:14:[[2,1]]:1,1,0,0,0,1,1,1,1,1,0,1,0,0,0,1,0,0,0,1,0,1,1,0,1
55.4.a.a:55:4:a:a:1:2:4:[]:1,1,1,1,1,0,1,1,0,1,1,1,0,0,0,1,0,1,0,1,0,0,0,1,0
55.4.a.b:55:4:a:b:2:2:1:[]:0,0,1,0,1,0,0,0,0,0,0,0,0,0,0,0,0,0,0,0,0,0,0,0,0
55.4.a.b:55:4:a:b:2:2:2:[]:0,0,1,0,1,0,0,0,0,0,0,0,0,0,0,0,0,0,0,0,0,0,0,0,0
55.4.a.c:55:4:a:c:3:2:8:[]:1,0,1,0,1,0,0,0,0,0,0,0,0,0,0,0,0,0,0,0,0,0,0,0,0
55.4.a.c:55:4:a:c:3:2:9:[]:1,0,1,0,1,0,0,0,0,0,0,0,0,0,0,0,0,0,0,0,0,0,0,0,0
55.4.a.d:55:4:a:d:4:2:10:[]:1,0,1,0,1,0,0,0,0,0,0,0,0,0,0,0,0,0,0,0,0,0,0,0,0
55.4.a.d:55:4:a:d:4:2:11:[]:1,0,1,0,1,0,0,0,0,0,0,0,0,0,0,0,0,0,0,0,0,0,0,0,0
55.4.a.d:55:4:a:d:4:2:12:[]:1,0,1,0,1,0,0,0,0,0,0,0,0,0,0,0,0,0,0,0,0,0,0,0,0
55.4.b.a:55:4:b:a:6:2:13:[[12,1],[46,1]]:1,0,1,0,1,0,0,0,0,0,0,0,0,0,0,0,0,0,0,0,0,0,0,0,0
55.4.b.a:55:4:b:a:6:2:14:[[12,1],[46,1]]:1,0,1,0,1,0,0,0,0,0,0,0,0,0,0,0,0,0,0,0,0,0,0,0,0
55.4.b.a:55:4:b:a:6:2:15:[[12,1],[46,1]]:1,0,1,0,1,0,0,0,0,0,0,0,0,0,0,0,0,0,0,0,0,0,0,0,0
55.4.b.b:55:4:b:b:10:2:3:[[12,1],[46,1]]:0,0,1,0,1,0,0,0,0,0,0,0,0,0,0,0,0,0,0,0,0,0,0,0,0
55.4.b.b:55:4:b:b:10:2:4:[[12,1],[46,1]]:0,0,1,0,1,0,0,0,0,0,0,0,0,0,0,0,0,0,0,0,0,0,0,0,0
55.4.b.b:55:4:b:b:10:2:5:[[12,1],[46,1]]:0,0,1,0,1,0,0,0,0,0,0,0,0,0,0,0,0,0,0,0,0,0,0,0,0
55.4.e.a:55:4:e:a:4:2:6:[[12,1],[46,1]]:0,0,1,0,1,0,0,0,0,0,0,0,0,0,0,0,0,0,0,0,0,0,0,0,0
57.4.a.a:57:4:a:a:1:2:6:[]:1,1,0,0,0,0,0,1,0,0,0,0,0,0,0,0,0,0,0,0,0,0,0,0,0
57.4.a.b:57:4:a:b:2:2:7:[]:1,1,0,0,0,0,0,1,0,0,0,0,0,0,0,0,0,0,0,0,0,0,0,0,0
57.4.a.b:57:4:a:b:2:2:8:[]:1,1,0,0,0,0,0,1,0,0,0,0,0,0,0,0,0,0,0,0,0,0,0,0,0
57.4.a.c:57:4:a:c:3:2:4:[]:0,1,1,1,1,0,1,1,0,0,0,0,0,1,1,0,0,1,0,0,1,0,0,0,0
57.4.a.c:57:4:a:c:3:2:5:[]:0,1,1,1,1,0,1,1,0,0,0,0,0,1,1,0,0,1,0,0,1,0,0,0,0
57.4.a.d:57:4:a:d:4:2:6:[]:0,1,1,1,1,0,1,1,0,0,0,0,0,1,1,0,0,1,0,0,1,0,0,0,0
57.4.a.d:57:4:a:d:4:2:7:[]:0,1,1,1,1,0,1,1,0,0,0,0,0,1,1,0,0,1,0,0,1,0,0,0,0
57.4.a.d:57:4:a:d:4:2:8:[]:0,1,1,1,1,0,1,1,0,0,0,0,0,1,1,0,0,1,0,0,1,0,0,0,0
57.4.d.b:57:4:d:b:4:2:9:[[20,1],[40,1]]:1,1,0,0,0,0,0,1,0,0,0,0,0,0,0,0,0,0,0,0,0,0,0,0,0
57.4.d.c:57:4:d:c:12:2:9:[[20,1],[40,1]]:0,1,1,1,1,0,1,1,0,0,0,0,0,1,1,0,0,1,0,0,1,0,0,0,0
59.4.a.b:59:4:a:b:2:2:1:[]:1,0,0,1,1,1,1,0,0,0,0,1,1,1,0,0,1,0,0,1,0,1,1,0,0
59.4.a.b:59:4:a:b:2:2:2:[]:1,0,0,1,1,1,1,0,0,0,0,1,1,1,0,0,1,0,0,1,0,1,1,0,0
59.4.a.c:59:4:a:c:10:2:1:[]:0,1,1,1,0,0,0,1,0,1,0,0,1,0,0,1,1,0,0,0,0,1,0,0,0
59.4.a.c:59:4:a:c:10:2:2:[]:0,1,1,1,0,0,0,1,0,1,0,0,1,0,0,1,1,0,0,0,0,1,0,0,0
59.4.a.c:59:4:a:c:10:2:3:[]:0,1,1,1,0,0,0,1,0,1,0,0,1,0,0,1,1,0,0,0,0,1,0,0,0
61.4.a.a:61:4:a:a:6:2:5:[]:1,0,1,1,1,1,0,0,1,0,0,0,1,0,0,0,1,1,1,0,1,1,0,0,0
61.4.a.a:61:4:a:a:6:2:6:[]:1,0,1,1,1,1,0,0,1,0,0,0,1,0,0,0,1,1,1,0,1,1,0,0,0
61.4.a.b:61:4:a:b:9:2:7:[]:1,0,1,1,1,1,0,0,1,0,0,0,1,0,0,0,1,1,1,0,1,1,0,0,0
61.4.a.b:61:4:a:b:9:2:8:[]:1,0,1,1,1,1,0,0,1,0,0,0,1,0,0,0,1,1,1,0,1,1,0,0,0
61.4.a.b:61:4:a:b:9:2:9:[]:1,0,1,1,1,1,0,0,1,0,0,0,1,0,0,0,1,1,1,0,1,1,0,0,0
61.4.b.a:61:4:b:a:14:2:10:[[2,1]]:1,0,1,1,1,1,0,0,1,0,0,0,1,0,0,0,1,1,1,0,1,1,0,0,0
61.4.b.a:61:4:b:a:14:2:11:[[2,1]]:1,0,1,1,1,1,0,0,1,0,0,0,1,0,0,0,1,1,1,0,1,1,0,0,0
63.4.a.a:63:4:a:a:1:2:1:[]:0,0,0,1,0,0,0,0,0,0,0,0,0,0,0,0,0,0,0,0,0,0,0,0,0
63.4.a.b:63:4:a:b:1:2:9:[]:1,0,0,1,0,0,0,0,0,0,0,0,0,0,0,0,0,0,0,0,0,0,0,0,0
63.4.a.c:63:4:a:c:1:2:10:[]:1,0,0,1,0,0,0,0,0,0,0,0,0,0,0,0,0,0,0,0,0,0,0,0,0
63.4.a.d:63:4:a:d:2:2:11:[]:1,0,0,1,0,0,0,0,0,0,0,0,0,0,0,0,0,0,0,0,0,0,0,0,0
63.4.a.e:63:4:a:e:2:2:2:[]:0,0,0,1,0,0,0,0,0,0,0,0,0,0,0,0,0,0,0,0,0,0,0,0,0
63.4.a.e:63:4:a:e:2:2:3:[]:0,0,0,1,0,0,0,0,0,0,0,0,0,0,0,0,0,0,0,0,0,0,0,0,0
63.4.c.a:63:4:c:a:4:2:12:[[10,1],[29,1]]:1,0,0,1,0,0,0,0,0,0,0,0,0,0,0,0,0,0,0,0,0,0,0,0,0
63.4.c.b:63:4:c:b:4:2:4:[[10,1],[29,1]]:0,0,0,1,0,0,0,0,0,0,0,0,0,0,0,0,0,0,0,0,0,0,0,0,0
65.4.a.a:65:4:a:a:1:2:13:[]:1,0,1,0,0,1,0,0,0,0,0,0,0,0,0,0,0,0,0,0,0,0,0,0,0
65.4.a.b:65:4:a:b:2:2:14:[]:1,0,1,0,0,1,0,0,0,0,0,0,0,0,0,0,0,0,0,0,0,0,0,0,0
65.4.a.c:65:4:a:c:2:2:15:[]:1,0,1,0,0,1,0,0,0,0,0,0,0,0,0,0,0,0,0,0,0,0,0,0,0
65.4.a.c:65:4:a:c:2:2:16:[]:1,0,1,0,0,1,0,0,0,0,0,0,0,0,0,0,0,0,0,0,0,0,0,0,0
65.4.a.d:65:4:a:d:2:2:17:[]:1,0,1,0,0,1,0,0,0,0,0,0,0,0,0,0,0,0,0,0,0,0,0,0,0
65.4.a.e:65:4:a:e:5:2:1:[]:0,0,1,0,0,1,0,0,0,0,0,0,0,0,0,0,0,0,0,0,0,0,0,0,0
65.4.a.e:65:4:a:e:5:2:2:[]:0,0,1,0,0,1,0,0,0,0,0,0,0,0,0,0,0,0,0,0,0,0,0,0,0
65.4.b.a:65:4:b:a:2:2:18:[[27,1],[41,1]]:1,0,1,0,0,1,0,0,0,0,0,0,0,0,0,0,0,0,0,0,0,0,0,0,0
65.4.b.b:65:4:b:b:16:2:19:[[27,1],[41,1]]:1,0,1,0,0,1,0,0,0,0,0,0,0,0,0,0,0,0,0,0,0,0,0,0,0
65.4.b.b:65:4:b:b:16:2:20:[[27,1],[41,1]]:1,0,1,0,0,1,0,0,0,0,0,0,0,0,0,0,0,0,0,0,0,0,0,0,0
65.4.c.a:65:4:c:a:14:2:21:[[27,1],[41,1]]:1,0,1,0,0,1,0,0,0,0,0,0,0,0,0,0,0,0,0,0,0,0,0,0,0
65.4.c.a:65:4:c:a:14:2:22:[[27,1],[41,1]]:1,0,1,0,0,1,0,0,0,0,0,0,0,0,0,0,0,0,0,0,0,0,0,0,0
65.4.d.a:65:4:d:a:2:2:23:[[27,1],[41,1]]:1,0,1,0,0,1,0,0,0,0,0,0,0,0,0,0,0,0,0,0,0,0,0,0,0
65.4.d.b:65:4:d:b:2:2:24:[[27,1],[41,1]]:1,0,1,0,0,1,0,0,0,0,0,0,0,0,0,0,0,0,0,0,0,0,0,0,0
65.4.d.c:65:4:d:c:16:2:3:[[27,1],[41,1]]:0,0,1,0,0,1,0,0,0,0,0,0,0,0,0,0,0,0,0,0,0,0,0,0,0
65.4.d.c:65:4:d:c:16:2:4:[[27,1],[41,1]]:0,0,1,0,0,1,0,0,0,0,0,0,0,0,0,0,0,0,0,0,0,0,0,0,0
65.4.f.a:65:4:f:a:2:2:25:[[27,1],[41,1]]:1,0,1,0,0,1,0,0,0,0,0,0,0,0,0,0,0,0,0,0,0,0,0,0,0
65.4.k.a:65:4:k:a:2:2:26:[[27,1],[41,1]]:1,0,1,0,0,1,0,0,0,0,0,0,0,0,0,0,0,0,0,0,0,0,0,0,0
67.4.a.b:67:4:a:b:9:2:3:[]:0,0,0,0,0,0,1,1,1,1,0,1,0,0,1,0,1,0,1,0,1,0,0,1,0
69.4.a.b:69:4:a:b:2:2:5:[]:1,1,0,0,0,0,0,0,1,0,0,0,0,0,0,0,0,0,0,0,0,0,0,0,0
69.4.a.c:69:4:a:c:4:2:6:[]:1,1,0,0,0,0,0,0,1,0,0,0,0,0,0,0,0,0,0,0,0,0,0,0,0
69.4.a.c:69:4:a:c:4:2:7:[]:1,1,0,0,0,0,0,0,1,0,0,0,0,0,0,0,0,0,0,0,0,0,0,0,0
69.4.a.d:69:4:a:d:4:2:1:[]:0,1,0,0,0,0,0,0,1,0,0,0,0,0,0,0,0,0,0,0,0,0,0,0,0
69.4.a.d:69:4:a:d:4:2:2:[]:0,1,0,0,0,0,0,0,1,0,0,0,0,0,0,0,0,0,0,0,0,0,0,0,0
69.4.c.a:69:4:c:a:2:2:8:[[28,1],[47,1]]:1,1,0,0,0,0,0,0,1,0,0,0,0,0,0,0,0,0,0,0,0,0,0,0,0
69.4.c.c:69:4:c:c:16:2:9:[[28,1],[47,1]]:1,1,0,0,0,0,0,0,1,0,0,0,0,0,0,0,0,0,0,0,0,0,0,0,0
69.4.c.c:69:4:c:c:16:2:10:[[28,1],[47,1]]:1,1,0,0,0,0,0,0,1,0,0,0,0,0,0,0,0,0,0,0,0,0,0,0,0
71.4.a.a:71:4:a:a:1:2:2:[]:1,1,0,1,0,1,0,1,1,0,1,0,0,1,1,0,0,0,0,1,1,0,0,1,0
71.4.a.b:71:4:a:b:4:2:3:[]:1,1,0,1,0,1,0,1,1,0,1,0,0,1,1,0,0,0,0,1,1,0,0,1,0
71.4.a.c:71:4:a:c:12:2:4:[]:1,1,0,1,0,1,0,1,1,0,1,0,0,1,1,0,0,0,0,1,1,0,0,1,0
71.4.a.c:71:4:a:c:12:2:5:[]:1,1,0,1,0,1,0,1,1,0,1,0,0,1,1,0,0,0,0,1,1,0,0,1,0
73.4.a.a:73:4:a:a:1:2:3:[]:1,0,0,0,0,0,0,0,0,0,0,0,0,0,0,0,0,0,0,0,1,0,0,0,0
73.4.a.b:73:4:a:b:7:2:4:[]:1,0,0,0,0,0,0,0,0,0,0,0,0,0,0,0,0,0,0,0,1,0,0,0,0
73.4.a.c:73:4:a:c:10:2:1:[]:0,0,0,0,0,0,0,0,0,0,0,0,0,0,0,0,0,0,0,0,1,0,0,0,0
73.4.a.c:73:4:a:c:10:2:2:[]:0,0,0,0,0,0,0,0,0,0,0,0,0,0,0,0,0,0,0,0,1,0,0,0,0
73.4.b.a:73:4:b:a:18:2:5:[[5,1]]:1,0,0,0,0,0,0,0,0,0,0,0,0,0,0,0,0,0,0,0,1,0,0,0,0
73.4.b.a:73:4:b:a:18:2:6:[[5,1]]:1,0,0,0,0,0,0,0,0,0,0,0,0,0,0,0,0,0,0,0,1,0,0,0,0
75.4.a.a:75:4:a:a:1:2:9:[]:1,1,0,0,0,0,0,0,0,0,0,0,0,0,0,0,0,0,0,0,0,0,0,0,0
75.4.a.b:75:4:a:b:1:2:10:[]:1,1,0,0,0,0,0,0,0,0,0,0,0,0,0,0,0,0,0,0,0,0,0,0,0
75.4.a.c:75:4:a:c:2:2:1:[]:0,1,0,0,0,0,0,0,0,0,0,0,0,0,0,0,0,0,0,0,0,0,0,0,0
75.4.a.c:75:4:a:c:2:2:2:[]:0,1,0,0,0,0,0,0,0,0,0,0,0,0,0,0,0,0,0,0,0,0,0,0,0
75.4.a.d:75:4:a:d:2:2:9:[]:0,1,0,1,0,1,0,1,0,0,1,0,0,1,0,0,0,1,1,0,0,0,0,0,1
75.4.a.e:75:4:a:e:2:2:10:[]:0,1,0,1,0,1,0,1,0,0,1,0,0,1,0,0,0,1,1,0,0,0,0,0,1
75.4.a.f:75:4:a:f:2:2:3:[]:0,1,0,0,0,0,0,0,0,0,0,0,0,0,0,0,0,0,0,0,0,0,0,0,0
75.4.a.f:75:4:a:f:2:2:4:[]:0,1,0,0,0,0,0,0,0,0,0,0,0,0,0,0,0,0,0,0,0,0,0,0,0
75.4.b.a:75:4:b:a:2:2:11:[[26,1],[52,1]]:1,1,0,0,0,0,0,0,0,0,0,0,0,0,0,0,0,0,0,0,0,0,0,0,0
75.4.b.b:75:4:b:b:2:2:12:[[26,1],[52,1]]:1,1,0,0,0,0,0,0,0,0,0,0,0,0,0,0,0,0,0,0,0,0,0,0,0
75.4.b.c:75:4:b:c:4:2:11:[[26,1],[52,1]]:0,1,0,1,0,1,0,1,0,0,1,0,0,1,0,0,0,1,1,0,0,0,0,0,1
75.4.e.a:75:4:e:a:4:2:5:[[26,1],[52,1]]:0,1,0,0,0,0,0,0,0,0,0,0,0,0,0,0,0,0,0,0,0,0,0,0,0
75.4.e.b:75:4:e:b:4:2:13:[[26,1],[52,1]]:1,1,0,0,0,0,0,0,0,0,0,0,0,0,0,0,0,0,0,0,0,0,0,0,0
75.4.e.c:75:4:e:c:8:2:14:[[26,1],[52,1]]:1,1,0,0,0,0,0,0,0,0,0,0,0,0,0,0,0,0,0,0,0,0,0,0,0
75.4.e.c:75:4:e:c:8:2:15:[[26,1],[52,1]]:1,1,0,0,0,0,0,0,0,0,0,0,0,0,0,0,0,0,0,0,0,0,0,0,0
75.4.e.d:75:4:e:d:16:2:12:[[26,1],[52,1]]:0,1,0,1,0,1,0,1,0,0,1,0,0,1,0,0,0,1,1,0,0,0,0,0,1
77.4.a.a:77:4:a:a:1:2:8:[]:1,0,0,1,1,0,0,0,0,0,0,0,0,0,0,0,0,0,0,0,0,0,0,0,0
77.4.a.b:77:4:a:b:2:2:9:[]:1,0,0,1,1,0,0,0,0,0,0,0,0,0,0,0,0,0,0,0,0,0,0,0,0
77.4.a.c:77:4:a:c:4:2:4:[]:0,1,1,1,1,0,0,0,1,0,1,1,0,0,0,0,1,0,1,1,0,0,0,1,1
77.4.a.c:77:4:a:c:4:2:5:[]:0,1,1,1,1,0,0,0,1,0,1,1,0,0,0,0,1,0,1,1,0,0,0,1,1
77.4.a.d:77:4:a:d:4:2:10:[]:1,0,0,1,1,0,0,0,0,0,0,0,0,0,0,0,0,0,0,0,0,0,0,0,0
77.4.a.d:77:4:a:d:4:2:11:[]:1,0,0,1,1,0,0,0,0,0,0,0,0,0,0,0,0,0,0,0,0,0,0,0,0
77.4.a.e:77:4:a:e:5:2:6:[]:0,1,1,1,1,0,0,0,1,0,1,1,0,0,0,0,1,0,1,1,0,0,0,1,1
77.4.a.e:77:4:a:e:5:2:7:[]:0,1,1,1,1,0,0,0,1,0,1,1,0,0,0,0,1,0,1,1,0,0,0,1,1
77.4.a.e:77:4:a:e:5:2:8:[]:0,1,1,1,1,0,0,0,1,0,1,1,0,0,0,0,1,0,1,1,0,0,0,1,1
77.4.b.a:77:4:b:a:2:2:12:[[45,1],[57,1]]:1,0,0,1,1,0,0,0,0,0,0,0,0,0,0,0,0,0,0,0,0,0,0,0,0
77.4.b.b:77:4:b:b:20:2:13:[[45,1],[57,1]]:1,0,0,1,1,0,0,0,0,0,0,0,0,0,0,0,0,0,0,0,0,0,0,0,0
77.4.b.b:77:4:b:b:20:2:14:[[45,1],[57,1]]:1,0,0,1,1,0,0,0,0,0,0,0,0,0,0,0,0,0,0,0,0,0,0,0,0
77.4.b.b:77:4:b:b:20:2:15:[[45,1],[57,1]]:1,0,0,1,1,0,0,0,0,0,0,0,0,0,0,0,0,0,0,0,0,0,0,0,0
79.4.a.a:79:4:a:a:2:2:5:[]:1,1,1,1,0,1,0,0,0,0,0,0,0,0,1,0,1,0,0,1,0,1,0,1,1
79.4.a.a:79:4:a:a:2:2:6:[]:1,1,1,1,0,1,0,0,0,0,0,0,0,0,1,0,1,0,0,1,0,1,0,1,1
79.4.a.b:79:4:a:b:5:2:7:[]:1,1,1,1,0,1,0,0,0,0,0,0,0,0,1,0,1,0,0,1,0,1,0,1,1
79.4.a.b:79:4:a:b:5:2:8:[]:1,1,1,1,0,1,0,0,0,0,0,0,0,0,1,0,1,0,0,1,0,1,0,1,1
79.4.a.c:79:4:a:c:12:2:9:[]:1,1,1,1,0,1,0,0,0,0,0,0,0,0,1,0,1,0,0,1,0,1,0,1,1
79.4.a.c:79:4:a:c:12:2:10:[]:1,1,1,1,0,1,0,0,0,0,0,0,0,0,1,0,1,0,0,1,0,1,0,1,1
79.4.a.c:79:4:a:c:12:2:11:[]:1,1,1,1,0,1,0,0,0,0,0,0,0,0,1,0,1,0,0,1,0,1,0,1,1
81.4.a.a:81:4:a:a:2:2:1:[]:0,0,1,1,1,1,0,0,1,1,1,0,1,1,1,0,1,1,1,0,0,1,1,0,1
81.4.a.a:81:4:a:a:2:2:2:[]:0,0,1,1,1,1,0,0,1,1,1,0,1,1,1,0,1,1,1,0,0,1,1,0,1
81.4.a.b:81:4:a:b:2:2:1:[]:0,0,1,0,0,1,1,0,0,1,0,1,0,0,0,0,0,1,0,0,1,0,0,1,0
81.4.a.b:81:4:a:b:2:2:2:[]:0,0,1,0,0,1,1,0,0,1,0,1,0,0,0,0,0,1,0,0,1,0,0,1,0
81.4.a.c:81:4:a:c:2:2:3:[]:1,0,1,0,0,1,1,0,0,1,0,1,0,0,0,0,0,1,0,0,1,0,0,1,0
81.4.a.d:81:4:a:d:2:2:3:[]:0,0,1,1,1,1,0,0,1,1,1,0,1,1,1,0,1,1,1,0,0,1,1,0,1
81.4.a.d:81:4:a:d:2:2:4:[]:0,0,1,1,1,1,0,0,1,1,1,0,1,1,1,0,1,1,1,0,0,1,1,0,1
81.4.a.e:81:4:a:e:2:2:3:[]:0,0,1,0,0,1,1,0,0,1,0,1,0,0,0,0,0,1,0,0,1,0,0,1,0
81.4.a.e:81:4:a:e:2:2:4:[]:0,0,1,0,0,1,1,0,0,1,0,1,0,0,0,0,0,1,0,0,1,0,0,1,0
83.4.a.a:83:4:a:a:7:2:1:[]:0,1,0,1,1,0,1,0,0,1,1,1,0,0,0,0,1,1,0,0,0,0,1,0,0
83.4.a.a:83:4:a:a:7:2:2:[]:0,1,0,1,1,0,1,0,0,1,1,1,0,0,0,0,1,1,0,0,0,0,1,0,0
83.4.a.b:83:4:a:b:13:2:3:[]:0,1,0,1,1,0,1,0,0,1,1,1,0,0,0,0,1,1,0,0,0,0,1,0,0
83.4.a.b:83:4:a:b:13:2:4:[]:0,1,0,1,1,0,1,0,0,1,1,1,0,0,0,0,1,1,0,0,0,0,1,0,0
85.4.a.a:85:4:a:a:1:2:3:[]:1,1,1,0,0,1,1,1,0,1,1,0,0,0,1,1,1,1,0,1,1,0,0,1,1
85.4.a.b:85:4:a:b:1:2:4:[]:1,1,1,0,0,1,1,1,0,1,1,0,0,0,1,1,1,1,0,1,1,0,0,1,1
85.4.a.c:85:4:a:c:1:2:12:[]:1,0,1,0,0,0,1,0,0,0,0,0,0,0,0,0,0,0,0,0,0,0,0,0,0
85.4.a.d:85:4:a:d:2:2:13:[]:1,0,1,0,0,0,1,0,0,0,0,0,0,0,0,0,0,0,0,0,0,0,0,0,0
85.4.a.e:85:4:a:e:3:2:14:[]:1,0,1,0,0,0,1,0,0,0,0,0,0,0,0,0,0,0,0,0,0,0,0,0,0
85.4.a.e:85:4:a:e:3:2:15:[]:1,0,1,0,0,0,1,0,0,0,0,0,0,0,0,0,0,0,0,0,0,0,0,0,0
85.4.a.f:85:4:a:f:3:2:16:[]:1,0,1,0,0,0,1,0,0,0,0,0,0,0,0,0,0,0,0,0,0,0,0,0,0
85.4.a.f:85:4:a:f:3:2:17:[]:1,0,1,0,0,0,1,0,0,0,0,0,0,0,0,0,0,0,0,0,0,0,0,0,0
85.4.a.g:85:4:a:g:5:2:1:[]:0,0,1,0,0,0,1,0,0,0,0,0,0,0,0,0,0,0,0,0,0,0,0,0,0
85.4.a.g:85:4:a:g:5:2:2:[]:0,0,1,0,0,0,1,0,0,0,0,0,0,0,0,0,0,0,0,0,0,0,0,0,0
85.4.a.g:85:4:a:g:5:2:3:[]:0,0,1,0,0,0,1,0,0,0,0,0,0,0,0,0,0,0,0,0,0,0,0,0,0
85.4.d.a:85:4:d:a:2:2:18:[[52,1],[71,1]]:1,0,1,0,0,0,1,0,0,0,0,0,0,0,0,0,0,0,0,0,0,0,0,0,0
85.4.d.b:85:4:d:b:16:2:19:[[52,1],[71,1]]:1,0,1,0,0,0,1,0,0,0,0,0,0,0,0,0,0,0,0,0,0,0,0,0,0
85.4.d.b:85:4:d:b:16:2:20:[[52,1],[71,1]]:1,0,1,0,0,0,1,0,0,0,0,0,0,0,0,0,0,0,0,0,0,0,0,0,0
85.4.d.b:85:4:d:b:16:2:21:[[52,1],[71,1]]:1,0,1,0,0,0,1,0,0,0,0,0,0,0,0,0,0,0,0,0,0,0,0,0,0
87.4.a.a:87:4:a:a:2:2:5:[]:1,1,1,1,0,0,1,1,0,1,0,1,1,1,1,0,1,0,0,0,0,0,0,0,0
87.4.a.a:87:4:a:a:2:2:6:[]:1,1,1,1,0,0,1,1,0,1,0,1,1,1,1,0,1,0,0,0,0,0,0,0,0
87.4.a.b:87:4:a:b:2:2:7:[]:1,1,1,1,0,0,1,1,0,1,0,1,1,1,1,0,1,0,0,0,0,0,0,0,0
87.4.a.b:87:4:a:b:2:2:8:[]:1,1,1,1,0,0,1,1,0,1,0,1,1,1,1,0,1,0,0,0,0,0,0,0,0
87.4.a.c:87:4:a:c:5:2:6:[]:1,1,0,0,0,0,0,0,0,1,0,0,0,0,0,0,0,0,0,0,0,0,0,0,0
87.4.a.c:87:4:a:c:5:2:7:[]:1,1,0,0,0,0,0,0,0,1,0,0,0,0,0,0,0,0,0,0,0,0,0,0,0
87.4.a.c:87:4:a:c:5:2:8:[]:1,1,0,0,0,0,0,0,0,1,0,0,0,0,0,0,0,0,0,0,0,0,0,0,0
87.4.a.d:87:4:a:d:5:2:9:[]:1,1,1,1,0,0,1,1,0,1,0,1,1,1,1,0,1,0,0,0,0,0,0,0,0
87.4.a.d:87:4:a:d:5:2:10:[]:1,1,1,1,0,0,1,1,0,1,0,1,1,1,1,0,1,0,0,0,0,0,0,0,0
87.4.a.d:87:4:a:d:5:2:11:[]:1,1,1,1,0,0,1,1,0,1,0,1,1,1,1,0,1,0,0,0,0,0,0,0,0
87.4.c.a:87:4:c:a:16:2:12:[[31,1],[59,1]]:1,1,1,1,0,0,1,1,0,1,0,1,1,1,1,0,1,0,0,0,0,0,0,0,0
87.4.c.a:87:4:c:a:16:2:13:[[31,1],[59,1]]:1,1,1,1,0,0,1,1,0,1,0,1,1,1,1,0,1,0,0,0,0,0,0,0,0
87.4.c.a:87:4:c:a:16:2:14:[[31,1],[59,1]]:1,1,1,1,0,0,1,1,0,1,0,1,1,1,1,0,1,0,0,0,0,0,0,0,0
87.4.c.a:87:4:c:a:16:2:15:[[31,1],[59,1]]:1,1,1,1,0,0,1,1,0,1,0,1,1,1,1,0,1,0,0,0,0,0,0,0,0
89.4.a.a:89:4:a:a:1:2:1:[]:0,1,1,0,0,0,1,1,1,0,1,0,0,1,0,1,0,0,0,0,1,0,0,1,1
89.4.a.b:89:4:a:b:1:2:2:[]:1,0,0,0,0,0,0,0,0,0,0,0,0,0,0,0,0,0,0,0,0,0,0,1,0
89.4.a.c:89:4:a:c:6:2:6:[]:1,1,1,0,0,0,1,1,1,0,1,0,0,1,0,1,0,0,0,0,1,0,0,1,1
89.4.a.c:89:4:a:c:6:2:7:[]:1,1,1,0,0,0,1,1,1,0,1,0,0,1,0,1,0,0,0,0,1,0,0,1,1
89.4.a.d:89:4:a:d:14:2:8:[]:1,1,1,0,0,0,1,1,1,0,1,0,0,1,0,1,0,0,0,0,1,0,0,1,1
89.4.a.d:89:4:a:d:14:2:9:[]:1,1,1,0,0,0,1,1,1,0,1,0,0,1,0,1,0,0,0,0,1,0,0,1,1
89.4.a.d:89:4:a:d:14:2:10:[]:1,1,1,0,0,0,1,1,1,0,1,0,0,1,0,1,0,0,0,0,1,0,0,1,1
89.4.a.d:89:4:a:d:14:2:11:[]:1,1,1,0,0,0,1,1,1,0,1,0,0,1,0,1,0,0,0,0,1,0,0,1,1
91.4.a.a:91:4:a:a:3:2:10:[]:0,0,1,1,0,1,0,1,1,1,1,0,0,1,1,1,0,0,0,0,1,1,1,1,1
91.4.a.a:91:4:a:a:3:2:11:[]:0,0,1,1,0,1,0,1,1,1,1,0,0,1,1,1,0,0,0,0,1,1,1,1,1
91.4.a.b:91:4:a:b:4:2:12:[]:0,0,1,1,0,1,0,1,1,1,1,0,0,1,1,1,0,0,0,0,1,1,1,1,1
91.4.a.b:91:4:a:b:4:2:13:[]:0,0,1,1,0,1,0,1,1,1,1,0,0,1,1,1,0,0,0,0,1,1,1,1,1
91.4.a.b:91:4:a:b:4:2:14:[]:0,0,1,1,0,1,0,1,1,1,1,0,0,1,1,1,0,0,0,0,1,1,1,1,1
91.4.a.c:91:4:a:c:5:2:15:[]:0,0,1,1,0,1,0,1,1,1,1,0,0,1,1,1,0,0,0,0,1,1,1,1,1
91.4.a.c:91:4:a:c:5:2:16:[]:0,0,1,1,0,1,0,1,1,1,1,0,0,1,1,1,0,0,0,0,1,1,1,1,1
91.4.a.d:91:4:a:d:6:2:17:[]:0,0,1,1,0,1,0,1,1,1,1,0,0,1,1,1,0,0,0,0,1,1,1,1,1
91.4.a.d:91:4:a:d:6:2:18:[]:0,0,1,1,0,1,0,1,1,1,1,0,0,1,1,1,0,0,0,0,1,1,1,1,1
91.4.a.d:91:4:a:d:6:2:19:[]:0,0,1,1,0,1,0,1,1,1,1,0,0,1,1,1,0,0,0,0,1,1,1,1,1
93.4.a.a:93:4:a:a:1:2:2:[]:1,1,1,0,1,1,1,1,0,0,1,0,0,0,1,0,0,1,1,1,0,1,1,0,1
93.4.a.c:93:4:a:c:2:2:1:[]:0,1,1,1,0,0,0,1,0,0,1,0,1,0,0,0,1,0,0,1,0,0,0,0,1
93.4.a.c:93:4:a:c:2:2:2:[]:0,1,1,1,0,0,0,1,0,0,1,0,1,0,0,0,1,0,0,1,0,0,0,0,1
93.4.a.d:93:4:a:d:2:2:4:[]:1,1,0,0,0,0,0,0,0,0,1,0,0,0,0,0,0,0,0,0,0,0,0,0,0
93.4.a.d:93:4:a:d:2:2:5:[]:1,1,0,0,0,0,0,0,0,0,1,0,0,0,0,0,0,0,0,0,0,0,0,0,0
93.4.a.e:93:4:a:e:3:2:1:[]:0,1,0,0,0,0,0,0,0,0,1,0,0,0,0,0,0,0,0,0,0,0,0,0,0
93.4.a.e:93:4:a:e:3:2:2:[]:0,1,0,0,0,0,0,0,0,0,1,0,0,0,0,0,0,0,0,0,0,0,0,0,0
93.4.a.e:93:4:a:e:3:2:3:[]:0,1,0,0,0,0,0,0,0,0,1,0,0,0,0,0,0,0,0,0,0,0,0,0,0
93.4.a.f:93:4:a:f:6:2:3:[]:0,1,1,1,0,0,0,1,0,0,1,0,1,0,0,0,1,0,0,1,0,0,0,0,1
93.4.a.f:93:4:a:f:6:2:4:[]:0,1,1,1,0,0,0,1,0,0,1,0,1,0,0,0,1,0,0,1,0,0,0,0,1
93.4.a.f:93:4:a:f:6:2:5:[]:0,1,1,1,0,0,0,1,0,0,1,0,1,0,0,0,1,0,0,1,0,0,0,0,1
93.4.a.f:93:4:a:f:6:2:6:[]:0,1,1,1,0,0,0,1,0,0,1,0,1,0,0,0,1,0,0,1,0,0,0,0,1
95.4.a.a:95:4:a:a:1:2:1:[]:0,0,1,0,0,0,0,1,0,0,0,0,0,0,0,0,0,0,0,0,0,0,0,0,0
95.4.a.b:95:4:a:b:1:2:2:[]:1,1,1,1,0,1,1,1,1,1,0,0,0,0,0,1,1,0,1,0,1,0,0,0,0
95.4.a.c:95:4:a:c:1:2:3:[]:1,1,1,1,0,1,1,1,1,1,0,0,0,0,0,1,1,0,1,0,1,0,0,0,0
95.4.a.d:95:4:a:d:1:2:10:[]:1,0,1,0,0,0,0,1,0,0,0,0,0,0,0,0,0,0,0,0,0,0,0,0,0
95.4.a.e:95:4:a:e:3:2:2:[]:0,0,1,0,0,0,0,1,0,0,0,0,0,0,0,0,0,0,0,0,0,0,0,0,0
95.4.a.e:95:4:a:e:3:2:3:[]:0,0,1,0,0,0,0,1,0,0,0,0,0,0,0,0,0,0,0,0,0,0,0,0,0
95.4.a.f:95:4:a:f:5:2:11:[]:1,0,1,0,0,0,0,1,0,0,0,0,0,0,0,0,0,0,0,0,0,0,0,0,0
95.4.a.f:95:4:a:f:5:2:12:[]:1,0,1,0,0,0,0,1,0,0,0,0,0,0,0,0,0,0,0,0,0,0,0,0,0
95.4.a.g:95:4:a:g:6:2:13:[]:1,0,1,0,0,0,0,1,0,0,0,0,0,0,0,0,0,0,0,0,0,0,0,0,0
95.4.a.g:95:4:a:g:6:2:14:[]:1,0,1,0,0,0,0,1,0,0,0,0,0,0,0,0,0,0,0,0,0,0,0,0,0
95.4.a.g:95:4:a:g:6:2:15:[]:1,0,1,0,0,0,0,1,0,0,0,0,0,0,0,0,0,0,0,0,0,0,0,0,0
95.4.b.a:95:4:b:a:12:2:16:[[21,1],[77,1]]:1,0,1,0,0,0,0,1,0,0,0,0,0,0,0,0,0,0,0,0,0,0,0,0,0
95.4.b.a:95:4:b:a:12:2:17:[[21,1],[77,1]]:1,0,1,0,0,0,0,1,0,0,0,0,0,0,0,0,0,0,0,0,0,0,0,0,0
95.4.b.a:95:4:b:a:12:2:18:[[21,1],[77,1]]:1,0,1,0,0,0,0,1,0,0,0,0,0,0,0,0,0,0,0,0,0,0,0,0,0
95.4.b.b:95:4:b:b:16:2:19:[[21,1],[77,1]]:1,0,1,0,0,0,0,1,0,0,0,0,0,0,0,0,0,0,0,0,0,0,0,0,0
95.4.b.b:95:4:b:b:16:2:20:[[21,1],[77,1]]:1,0,1,0,0,0,0,1,0,0,0,0,0,0,0,0,0,0,0,0,0,0,0,0,0
95.4.b.b:95:4:b:b:16:2:21:[[21,1],[77,1]]:1,0,1,0,0,0,0,1,0,0,0,0,0,0,0,0,0,0,0,0,0,0,0,0,0
95.4.g.a:95:4:g:a:4:2:4:[[21,1],[77,1]]:0,0,1,0,0,0,0,1,0,0,0,0,0,0,0,0,0,0,0,0,0,0,0,0,0
97.4.a.a:97:4:a:a:11:2:2:[]:1,0,0,0,0,0,0,0,0,0,0,0,0,0,0,0,0,0,0,0,0,0,0,0,1
97.4.a.b:97:4:a:b:13:2:1:[]:0,0,0,0,0,0,0,0,0,0,0,0,0,0,0,0,0,0,0,0,0,0,0,0,1
97.4.a.b:97:4:a:b:13:2:2:[]:0,0,0,0,0,0,0,0,0,0,0,0,0,0,0,0,0,0,0,0,0,0,0,0,1
99.4.a.a:99:4:a:a:1:2:8:[]:1,0,0,0,1,0,0,0,0,0,0,0,0,0,0,0,0,0,0,0,0,0,0,0,0
99.4.a.b:99:4:a:b:1:2:9:[]:1,0,0,0,1,0,0,0,0,0,0,0,0,0,0,0,0,0,0,0,0,0,0,0,0
99.4.a.c:99:4:a:c:2:2:3:[]:0,0,1,0,1,0,0,0,1,0,1,1,0,0,0,0,1,0,1,1,0,0,0,1,1
99.4.a.d:99:4:a:d:2:2:10:[]:1,0,0,0,1,0,0,0,0,0,0,0,0,0,0,0,0,0,0,0,0,0,0,0,0
99.4.a.e:99:4:a:e:2:2:11:[]:1,0,0,0,1,0,0,0,0,0,0,0,0,0,0,0,0,0,0,0,0,0,0,0,0
99.4.a.e:99:4:a:e:2:2:12:[]:1,0,0,0,1,0,0,0,0,0,0,0,0,0,0,0,0,0,0,0,0,0,0,0,0
99.4.a.f:99:4:a:f:2:2:13:[]:1,0,0,0,1,0,0,0,0,0,0,0,0,0,0,0,0,0,0,0,0,0,0,0,0
99.4.a.f:99:4:a:f:2:2:14:[]:1,0,0,0,1,0,0,0,0,0,0,0,0,0,0,0,0,0,0,0,0,0,0,0,0
99.4.a.g:99:4:a:g:2:2:15:[]:1,0,0,0,1,0,0,0,0,0,0,0,0,0,0,0,0,0,0,0,0,0,0,0,0
99.4.d.a:99:4:d:a:2:2:16:[[46,1],[56,1]]:1,0,0,0,1,0,0,0,0,0,0,0,0,0,0,0,0,0,0,0,0,0,0,0,0
99.4.d.b:99:4:d:b:2:2:17:[[46,1],[56,1]]:1,0,0,0,1,0,0,0,0,0,0,0,0,0,0,0,0,0,0,0,0,0,0,0,0
99.4.d.c:99:4:d:c:8:2:18:[[46,1],[56,1]]:1,0,0,0,1,0,0,0,0,0,0,0,0,0,0,0,0,0,0,0,0,0,0,0,0
99.4.d.c:99:4:d:c:8:2:19:[[46,1],[56,1]]:1,0,0,0,1,0,0,0,0,0,0,0,0,0,0,0,0,0,0,0,0,0,0,0,0
